019.10 42
019.11 42
019.12 41
019.13 34
019.14 32
019.15 32
019.16 32
019.17 32
019.18 32
019.19 32
019.20 42
019.21 42
019.22 42
019.23 34
019.24 31
019.25 32
019.26 32
019.27 31
019.28 32
019.29 32
019.30 42
019.31 42
019.32 42
019.33 33
019.34 32
019.35 31
019.36 21
019.40 10
019.41 10
019.42 10
019.43 2
019.50 10
019.51 8
019.52 10
019.53 2
019.60 10
019.61 10
019.62 10
019.63 2
019.70 10
019.71 10
019.72 10
019.73 2
019.80 10
019.81 10
019.82 10
019.83 2
019.90 10
019.91 10
019.92 10
019.93 2
020.10 42
020.11 42
020.12 42
020.13 34
020.14 32
020.15 32
020.16 32
020.17 31
020.18 32
020.19 32
020.20 42
020.21 41
020.22 42
020.23 34
020.24 32
020.25 32
020.26 32
020.27 32
020.28 32
020.29 32
020.30 42
020.31 42
020.32 42
020.33 34
020.34 32
020.35 32
020.36 20
020.37 1
020.40 10
020.41 10
020.42 10
020.43 2
020.50 10
020.51 10
020.52 10
020.53 2
020.60 10
020.61 10
020.62 10
020.63 2
020.70 10
020.71 10
020.72 10
020.73 2
020.80 9
020.81 10
020.82 10
020.83 2
020.90 10
020.91 10
020.92 10
020.93 2
021.10 40
021.11 42
021.12 41
021.13 33
021.14 32
021.15 32
021.16 32
021.17 32
021.18 32
021.19 32
021.20 41
021.21 40
021.22 42
021.23 33
021.24 32
021.25 32
021.26 32
021.27 32
021.28 32
021.29 32
021.30 42
021.31 41
021.32 42
021.33 34
021.34 32
021.35 32
021.36 18
021.37 2
021.40 9
021.41 10
021.42 10
021.43 2
021.50 10
021.51 9
021.52 10
021.53 2
021.60 10
021.61 10
021.62 10
021.63 2
021.70 10
021.71 10
021.72 10
021.73 1
021.80 10
021.81 10
021.82 10
021.83 2
021.90 10
021.91 10
021.92 10
021.93 2
022.10 42
022.11 41
022.12 42
022.13 34
022.14 32
022.15 29
022.16 32
022.17 32
022.18 32
022.19 32
022.20 41
022.21 42
022.22 42
022.23 33
022.24 32
022.25 32
022.26 32
022.27 32
022.28 31
022.29 32
022.30 42
022.31 42
022.32 42
022.33 34
022.34 32
022.35 32
022.36 23
022.37 2
022.40 10
022.41 10
022.42 10
022.43 2
022.50 10
022.51 10
022.52 10
022.53 2
022.60 10
022.61 10
022.62 10
022.63 2
022.70 10
022.71 10
022.72 10
022.73 2
022.80 10
022.81 10
022.82 10
022.83 2
022.90 10
022.91 10
022.92 9
022.93 2
023.10 42
023.11 42
023.12 42
023.13 34
023.14 32
023.15 32
023.16 32
023.17 31
023.18 32
023.19 32
023.20 42
023.21 42
023.22 42
023.23 34
023.24 32
023.25 32
023.26 32
023.27 32
023.28 32
023.29 32
023.30 42
023.31 42
023.32 42
023.33 34
023.34 32
023.35 32
023.36 21
023.37 1
023.40 10
023.41 10
023.42 10
023.43 2
023.50 10
023.51 10
023.52 10
023.53 2
023.60 10
023.61 10
023.62 10
023.63 2
023.70 10
023.71 10
023.72 10
023.73 2
023.80 10
023.81 10
023.82 10
023.83 2
023.90 10
023.91 10
023.92 10
023.93 2
024.10 42
024.11 42
024.12 41
024.13 34
024.14 32
024.15 32
024.16 32
024.17 32
024.18 32
024.19 32
024.20 42
024.21 41
024.22 42
024.23 34
024.24 31
024.25 32
024.26 32
024.27 32
024.28 32
024.29 32
024.30 42
024.31 42
024.32 42
024.33 34
024.34 32
024.35 31
024.36 12
024.40 10
024.41 10
024.42 10
024.43 2
024.50 10
024.51 10
024.52 10
024.53 2
024.60 10
024.61 10
024.62 9
024.63 2
024.70 10
024.71 10
024.72 10
024.73 2
024.80 10
024.81 10
024.82 10
024.83 2
024.90 10
024.91 10
024.92 10
024.93 2
025.10 42
025.11 42
025.12 42
025.13 34
025.14 32
025.15 32
025.16 32
025.17 32
025.18 32
025.19 32
025.20 42
025.21 42
025.22 41
025.23 34
025.24 32
025.25 32
025.26 32
025.27 32
025.28 32
025.29 32
025.30 42
025.31 42
025.32 42
025.33 33
025.34 32
025.35 31
025.36 15
025.40 10
025.41 10
025.42 10
025.43 2
025.50 10
025.51 10
025.52 10
025.53 2
025.60 10
025.61 10
025.62 10
025.63 2
025.70 10
025.71 10
025.72 10
025.73 2
025.80 10
025.81 10
025.82 10
025.83 2
025.90 9
025.91 10
025.92 10
025.93 2
026.10 42
026.11 42
026.12 42
026.13 34
026.14 32
026.15 32
026.16 32
026.17 32
026.18 32
026.19 32
026.20 42
026.21 42
026.22 42
026.23 34
026.24 32
026.25 31
026.26 32
026.27 32
026.28 32
026.29 32
026.30 42
026.31 42
026.32 42
026.33 34
026.34 32
026.35 31
026.36 19
026.40 10
026.41 10
026.42 10
026.43 2
026.50 10
026.51 10
026.52 10
026.53 2
026.60 10
026.61 10
026.62 10
026.63 2
026.70 10
026.71 10
026.72 10
026.73 2
026.80 10
026.81 10
026.82 10
026.83 2
026.90 10
026.91 10
026.92 10
026.93 2
027.10 42
027.11 41
027.12 42
027.13 34
027.14 31
027.15 32
027.16 32
027.17 32
027.18 32
027.19 32
027.20 42
027.21 42
027.22 42
027.23 33
027.24 31
027.25 32
027.26 32
027.27 32
027.28 31
027.29 32
027.30 42
027.31 42
027.32 42
027.33 34
027.34 32
027.35 32
027.36 18
027.40 10
027.41 10
027.42 10
027.43 2
027.50 10
027.51 10
027.52 10
027.53 2
027.60 10
027.61 10
027.62 10
027.63 2
027.70 10
027.71 10
027.72 10
027.73 2
027.80 10
027.81 10
027.82 10
027.83 2
027.90 10
027.91 10
027.92 10
027.93 2
028.10 42
028.11 42
028.12 42
028.13 34
028.14 32
028.15 32
028.16 32
028.17 31
028.18 32
028.19 32
028.20 42
028.21 42
028.22 42
028.23 34
028.24 32
028.25 32
028.26 32
028.27 32
028.28 32
028.29 31
028.30 42
028.31 42
028.32 42
028.33 33
028.34 32
028.35 31
028.36 12
028.40 10
028.41 10
028.42 10
028.43 2
028.50 10
028.51 10
028.52 10
028.53 2
028.60 10
028.61 10
028.62 10
028.63 2
028.70 10
028.71 10
028.72 10
028.73 2
028.80 10
028.81 9
028.82 10
028.83 2
028.90 10
028.91 10
028.92 10
028.93 2
029.10 42
029.11 41
029.12 42
029.13 34
029.14 32
029.15 32
029.16 32
029.17 32
029.18 32
029.19 31
029.20 40
029.21 41
029.22 42
029.23 34
029.24 32
029.25 32
029.26 31
029.27 32
029.28 32
029.29 32
029.30 42
029.31 42
029.32 42
029.33 34
029.34 32
029.35 32
029.36 14
029.37 2
029.40 10
029.41 10
029.42 10
029.43 2
029.50 10
029.51 10
029.52 10
029.53 2
029.60 10
029.61 10
029.62 10
029.63 2
029.70 10
029.71 10
029.72 10
029.73 2
029.80 10
029.81 10
029.82 10
029.83 2
029.90 10
029.91 10
029.92 10
029.93 2
030.10 42
030.11 42
030.12 42
030.13 34
030.14 31
030.15 31
030.16 32
030.17 31
030.18 31
030.19 32
030.20 42
030.21 41
030.22 42
030.23 34
030.24 31
030.25 32
030.26 32
030.27 32
030.28 32
030.29 32
030.30 42
030.31 42
030.32 42
030.33 34
030.34 32
030.35 32
030.36 14
030.40 10
030.41 10
030.42 10
030.43 2
030.50 10
030.51 10
030.52 10
030.53 2
030.60 10
030.61 10
030.62 10
030.63 2
030.70 10
030.71 10
030.72 10
030.73 2
030.80 10
030.81 10
030.82 10
030.83 2
030.90 10
030.91 10
030.92 10
030.93 2
031.10 41
031.11 42
031.12 42
031.13 34
031.14 32
031.15 31
031.16 32
031.17 32
031.18 31
031.19 32
031.20 42
031.21 41
031.22 42
031.23 34
031.24 30
031.25 30
031.26 32
031.27 32
031.28 32
031.29 32
031.30 42
031.31 42
031.32 42
031.33 34
031.34 32
031.35 32
031.36 20
031.37 2
031.40 10
031.41 10
031.42 10
031.43 2
031.50 10
031.51 10
031.52 10
031.53 2
031.60 10
031.61 10
031.62 10
031.63 2
031.70 10
031.71 10
031.72 10
031.73 2
031.80 10
031.81 10
031.82 10
031.83 2
031.90 10
031.91 10
031.92 9
031.93 2
032.10 42
032.11 42
032.12 42
032.13 34
032.14 31
032.15 32
032.16 32
032.17 32
032.18 32
032.19 32
032.20 42
032.21 42
032.22 42
032.23 34
032.24 32
032.25 32
032.26 32
032.27 32
032.28 32
032.29 32
032.30 42
032.31 41
032.32 42
032.33 34
032.34 32
032.35 31
032.36 22
032.37 2
032.40 10
032.41 10
032.42 10
032.43 2
032.50 10
032.51 10
032.52 10
032.53 2
032.60 9
032.61 10
032.62 10
032.63 2
032.70 10
032.71 10
032.72 10
032.73 2
032.80 10
032.81 10
032.82 10
032.83 2
032.90 10
032.91 10
032.92 10
032.93 2
033.10 42
033.11 42
033.12 42
033.13 34
033.14 32
033.15 31
033.16 32
033.17 31
033.18 32
033.19 31
033.20 42
033.21 41
033.22 42
033.23 34
033.24 32
033.25 32
033.26 32
033.27 32
033.28 32
033.29 31
033.30 42
033.31 42
033.32 42
033.33 34
033.34 32
033.35 32
033.36 16
033.40 10
033.41 10
033.42 10
033.43 2
033.50 10
033.51 10
033.52 10
033.53 2
033.60 10
033.61 10
033.62 10
033.63 2
033.70 10
033.71 10
033.72 10
033.73 2
033.80 10
033.81 10
033.82 10
033.83 2
033.90 10
033.91 10
033.92 10
033.93 2
034.10 42
034.11 42
034.12 42
034.13 34
034.14 32
034.15 32
034.16 32
034.17 32
034.18 32
034.19 32
034.20 41
034.21 42
034.22 42
034.23 34
034.24 32
034.25 31
034.26 32
034.27 32
034.28 32
034.29 32
034.30 41
034.31 42
034.32 42
034.33 34
034.34 31
034.35 32
034.36 14
034.40 10
034.41 10
034.42 10
034.43 2
034.50 10
034.51 10
034.52 10
034.53 2
034.60 10
034.61 10
034.62 10
034.63 2
034.70 10
034.71 10
034.72 10
034.73 2
034.80 10
034.81 10
034.82 10
034.83 2
034.90 10
034.91 10
034.92 10
034.93 2
035.10 42
035.11 42
035.12 41
035.13 34
035.14 32
035.15 32
035.16 31
035.17 32
035.18 32
035.19 32
035.20 42
035.21 41
035.22 42
035.23 34
035.24 32
035.25 31
035.26 32
035.27 32
035.28 32
035.29 32
035.30 42
035.31 42
035.32 42
035.33 33
035.34 32
035.35 32
035.36 23
035.37 4
035.40 10
035.41 9
035.42 10
035.43 2
035.50 9
035.51 10
035.52 10
035.53 2
035.60 10
035.61 10
035.62 10
035.63 2
035.70 10
035.71 10
035.72 10
035.73 2
035.80 10
035.81 10
035.82 10
035.83 2
035.90 10
035.91 10
035.92 10
035.93 2
036.10 42
036.11 42
036.12 41
036.13 34
036.14 31
036.15 32
036.16 31
036.17 32
036.18 32
036.19 32
036.20 42
036.21 42
036.22 42
036.23 34
036.24 32
036.25 32
036.26 31
036.27 32
036.28 32
036.29 32
036.30 42
036.31 41
036.32 42
036.33 33
036.34 32
036.35 32
036.36 15
036.37 1
036.40 10
036.41 10
036.42 10
036.43 2
036.50 10
036.51 10
036.52 10
036.53 2
036.60 10
036.61 10
036.62 10
036.63 2
036.70 10
036.71 10
036.72 10
036.73 2
036.80 10
036.81 10
036.82 10
036.83 2
036.90 10
036.91 10
036.92 10
036.93 2
037.10 42
037.11 42
037.12 42
037.13 34
037.14 32
037.15 32
037.16 32
037.17 32
037.18 32
037.19 32
037.20 42
037.21 42
037.22 42
037.23 34
037.24 32
037.25 32
037.26 32
037.27 32
037.28 32
037.29 31
037.30 41
037.31 42
037.32 42
037.33 33
037.34 31
037.35 32
037.36 18
037.40 10
037.41 10
037.42 10
037.43 2
037.50 10
037.51 10
037.52 10
037.53 2
037.60 10
037.61 10
037.62 10
037.63 2
037.70 10
037.71 10
037.72 10
037.73 2
037.80 10
037.81 10
037.82 10
037.83 2
037.90 10
037.91 9
037.92 10
037.93 2
038.10 42
038.11 42
038.12 42
038.13 34
038.14 32
038.15 32
038.16 32
038.17 31
038.18 32
038.19 32
038.20 40
038.21 42
038.22 42
038.23 34
038.24 32
038.25 32
038.26 32
038.27 32
038.28 32
038.29 32
038.30 41
038.31 42
038.32 41
038.33 34
038.34 32
038.35 29
038.36 15
038.40 8
038.41 10
038.42 9
038.43 2
038.50 10
038.51 10
038.52 10
038.53 2
038.60 10
038.61 10
038.62 10
038.63 2
038.70 10
038.71 10
038.72 10
038.73 2
038.80 9
038.81 9
038.82 9
038.83 2
038.90 10
038.91 10
038.92 10
038.93 1
039.10 42
039.11 41
039.12 42
039.13 34
039.14 31
039.15 32
039.16 32
039.17 32
039.18 32
039.19 32
039.20 42
039.21 42
039.22 41
039.23 34
039.24 32
039.25 31
039.26 32
039.27 31
039.28 32
039.29 32
039.30 41
039.31 42
039.32 42
039.33 34
039.34 32
039.35 32
039.36 19
039.40 10
039.41 9
039.42 10
039.43 2
039.50 10
039.51 10
039.52 10
039.53 2
039.60 10
039.61 10
039.62 10
039.63 2
039.70 10
039.71 10
039.72 10
039.73 2
039.80 10
039.81 10
039.82 10
039.83 2
039.90 10
039.91 10
039.92 10
039.93 2
