019.10 8
019.11 10
019.12 9
019.13 2
019.20 10
019.21 10
019.22 9
019.23 1
019.30 9
019.31 9
019.32 10
019.33 2
019.40 9
019.41 10
019.42 10
019.43 2
019.50 7
019.51 10
019.52 10
019.53 2
019.60 10
019.61 10
019.62 10
019.63 2
020.10 9
020.11 10
020.12 10
020.13 2
020.20 10
020.21 9
020.22 8
020.23 2
020.30 8
020.31 10
020.32 10
020.33 2
020.40 8
020.41 10
020.42 9
020.43 2
020.50 9
020.51 9
020.52 9
020.53 2
020.60 10
020.61 10
020.62 10
020.63 2
021.10 9
021.11 10
021.12 10
021.13 2
021.20 10
021.21 9
021.22 9
021.23 2
021.30 10
021.31 10
021.32 8
021.33 2
021.40 9
021.41 9
021.42 10
021.43 2
021.50 10
021.51 10
021.52 10
021.53 2
021.60 10
021.61 10
021.62 10
021.63 2
022.10 10
022.11 10
022.12 10
022.13 2
022.20 10
022.21 10
022.22 10
022.23 2
022.30 10
022.31 9
022.32 10
022.33 2
022.40 10
022.41 9
022.42 10
022.43 2
022.50 10
022.51 10
022.52 9
022.53 2
022.60 10
022.61 10
022.62 10
022.63 2
023.10 10
023.11 10
023.12 10
023.13 2
023.20 10
023.21 8
023.22 10
023.23 2
023.30 10
023.31 10
023.32 10
023.33 2
023.40 10
023.41 10
023.42 10
023.43 2
023.50 10
023.51 10
023.52 10
023.53 2
023.60 10
023.61 10
023.62 10
023.63 2
024.10 10
024.11 10
024.12 10
024.13 2
024.20 10
024.21 10
024.22 10
024.23 2
024.30 10
024.31 10
024.32 10
024.33 2
024.40 10
024.41 10
024.42 10
024.43 2
024.50 9
024.51 10
024.52 10
024.53 2
024.60 10
024.61 10
024.62 10
024.63 2
025.10 10
025.11 10
025.12 10
025.13 2
025.20 10
025.21 10
025.22 10
025.23 2
025.30 10
025.31 10
025.32 10
025.33 2
025.40 10
025.41 10
025.42 10
025.43 2
025.50 10
025.51 10
025.52 10
025.53 2
025.60 10
025.61 10
025.62 10
025.63 2
026.10 10
026.11 10
026.12 10
026.13 2
026.20 10
026.21 9
026.22 8
026.23 2
026.30 10
026.31 10
026.32 10
026.33 2
026.40 10
026.41 10
026.42 9
026.43 2
026.50 10
026.51 10
026.52 10
026.53 2
026.60 10
026.61 10
026.62 10
026.63 2
027.10 10
027.11 10
027.12 10
027.13 2
027.20 10
027.21 10
027.22 10
027.23 2
027.30 10
027.31 10
027.32 10
027.33 2
027.40 10
027.41 10
027.42 10
027.43 2
027.50 10
027.51 10
027.52 10
027.53 2
027.60 10
027.61 10
027.62 10
027.63 2
028.10 10
028.11 10
028.12 10
028.13 2
028.20 8
028.21 8
028.22 10
028.23 2
028.30 10
028.31 9
028.32 10
028.33 2
028.40 10
028.41 10
028.42 9
028.43 2
028.50 10
028.51 10
028.52 10
028.53 1
028.60 10
028.61 10
028.62 10
028.63 2
029.10 9
029.11 9
029.12 10
029.13 2
029.20 10
029.21 9
029.22 10
029.23 2
029.30 10
029.31 10
029.32 9
029.33 2
029.40 10
029.41 10
029.42 10
029.43 2
029.50 10
029.51 10
029.52 10
029.53 1
029.60 9
029.61 10
029.62 10
029.63 2
030.10 10
030.11 10
030.12 10
030.13 2
030.20 10
030.21 9
030.22 9
030.23 2
030.30 10
030.31 10
030.32 10
030.33 2
030.40 9
030.41 10
030.42 10
030.43 2
030.50 10
030.51 9
030.52 10
030.53 2
030.60 10
030.61 10
030.62 10
030.63 2
031.10 10
031.11 9
031.12 10
031.13 2
031.20 10
031.21 10
031.22 10
031.23 2
031.30 9
031.31 10
031.32 10
031.33 2
031.40 10
031.41 10
031.42 10
031.43 2
031.50 10
031.51 10
031.52 10
031.53 2
031.60 10
031.61 10
031.62 10
031.63 2
032.10 9
032.11 10
032.12 10
032.13 2
032.20 8
032.21 10
032.22 9
032.23 2
032.30 10
032.31 10
032.32 10
032.33 2
032.40 10
032.41 9
032.42 10
032.43 2
032.50 9
032.51 10
032.52 10
032.53 2
032.60 10
032.61 9
032.62 10
032.63 2
033.10 10
033.11 10
033.12 10
033.13 2
033.20 10
033.21 10
033.22 10
033.23 2
033.30 10
033.31 10
033.32 10
033.33 2
033.40 10
033.41 10
033.42 10
033.43 2
033.50 10
033.51 10
033.52 10
033.53 2
033.60 10
033.61 10
033.62 10
033.63 2
034.10 10
034.11 10
034.12 10
034.13 2
034.20 10
034.21 10
034.22 10
034.23 2
034.30 10
034.31 10
034.32 10
034.33 2
034.40 10
034.41 10
034.42 10
034.43 2
034.50 10
034.51 9
034.52 10
034.53 2
034.60 10
034.61 9
034.62 10
034.63 2
035.10 9
035.11 10
035.12 10
035.13 2
035.20 10
035.21 10
035.22 10
035.23 2
035.30 10
035.31 8
035.32 10
035.33 2
035.40 10
035.41 10
035.42 10
035.43 2
035.50 10
035.51 10
035.52 10
035.53 2
035.60 10
035.61 10
035.62 10
035.63 2
036.10 10
036.11 9
036.12 9
036.13 2
036.20 10
036.21 10
036.22 10
036.23 2
036.30 10
036.31 10
036.32 10
036.33 2
036.40 10
036.41 10
036.42 10
036.43 2
036.50 10
036.51 10
036.52 10
036.53 2
036.60 10
036.61 10
036.62 10
036.63 2
037.10 10
037.11 10
037.12 10
037.13 2
037.20 10
037.21 10
037.22 10
037.23 2
037.30 10
037.31 10
037.32 10
037.33 2
037.40 10
037.41 10
037.42 10
037.43 2
037.50 10
037.51 10
037.52 10
037.53 2
037.60 10
037.61 10
037.62 10
037.63 2
038.10 10
038.11 10
038.12 10
038.13 2
038.20 10
038.21 10
038.22 10
038.23 2
038.30 10
038.31 10
038.32 10
038.33 2
038.40 10
038.41 10
038.42 10
038.43 2
038.50 10
038.51 10
038.52 10
038.53 2
038.60 10
038.61 10
038.62 10
038.63 2
039.10 10
039.11 10
039.12 10
039.13 2
039.20 9
039.21 10
039.22 10
039.23 2
039.30 9
039.31 9
039.32 10
039.33 2
039.40 10
039.41 10
039.42 10
039.43 2
039.50 10
039.51 10
039.52 10
039.53 2
039.60 10
039.61 10
039.62 10
039.63 2
