019.10 10
019.11 10
019.12 10
019.13 2
019.20 9
019.21 10
019.22 10
019.23 2
019.30 10
019.31 10
019.32 10
019.33 2
019.40 4
019.41 5
019.42 1
019.43 1
020.10 10
020.11 10
020.12 10
020.13 2
020.20 10
020.21 10
020.22 10
020.23 2
020.30 10
020.31 10
020.32 10
020.33 2
020.40 5
020.41 4
020.42 2
020.43 1
021.10 10
021.11 10
021.12 10
021.13 2
021.20 10
021.21 10
021.22 10
021.23 2
021.30 10
021.31 10
021.32 10
021.33 2
021.40 8
021.41 6
021.42 6
021.43 1
022.10 10
022.11 10
022.12 10
022.13 2
022.20 10
022.21 10
022.22 10
022.23 2
022.30 10
022.31 10
022.32 10
022.33 2
022.40 2
022.41 4
022.42 1
023.10 10
023.11 10
023.12 10
023.13 2
023.20 10
023.21 10
023.22 10
023.23 2
023.30 10
023.31 10
023.32 10
023.33 2
023.40 4
023.41 5
023.42 7
023.43 1
024.10 10
024.11 10
024.12 10
024.13 2
024.20 10
024.21 10
024.22 10
024.23 2
024.30 10
024.31 10
024.32 10
024.33 2
024.40 1
024.41 6
024.42 4
025.10 10
025.11 10
025.12 10
025.13 2
025.20 10
025.21 10
025.22 10
025.23 2
025.30 10
025.31 10
025.32 10
025.33 2
025.40 5
025.41 5
025.42 2
025.43 1
026.10 10
026.11 9
026.12 10
026.13 2
026.20 10
026.21 10
026.22 10
026.23 2
026.30 10
026.31 10
026.32 10
026.33 2
026.40 3
026.41 4
026.42 1
026.43 1
027.10 10
027.11 10
027.12 10
027.13 2
027.20 10
027.21 10
027.22 10
027.23 2
027.30 10
027.31 10
027.32 10
027.33 2
027.40 2
027.41 3
027.42 5
028.10 10
028.11 10
028.12 10
028.13 2
028.20 10
028.21 9
028.22 10
028.23 2
028.30 10
028.31 10
028.32 10
028.33 2
028.40 4
028.41 6
028.42 3
029.10 10
029.11 10
029.12 10
029.13 2
029.20 10
029.21 10
029.22 10
029.23 2
029.30 10
029.31 10
029.32 10
029.33 2
029.41 3
029.42 4
029.43 1
030.10 10
030.11 10
030.12 9
030.13 2
030.20 10
030.21 10
030.22 10
030.23 2
030.30 10
030.31 10
030.32 10
030.33 2
030.40 7
030.41 5
030.42 2
030.43 1
031.10 10
031.11 10
031.12 10
031.13 2
031.20 10
031.21 10
031.22 10
031.23 2
031.30 9
031.31 10
031.32 10
031.33 2
031.40 4
031.41 2
031.42 2
031.43 1
032.10 10
032.11 10
032.12 10
032.13 2
032.20 10
032.21 10
032.22 10
032.23 2
032.30 10
032.31 10
032.32 10
032.33 2
032.40 5
032.41 3
032.42 2
032.43 1
033.10 10
033.11 10
033.12 10
033.13 2
033.20 10
033.21 10
033.22 10
033.23 2
033.30 10
033.31 10
033.32 10
033.33 2
033.40 2
033.41 5
033.42 5
033.43 1
034.10 10
034.11 10
034.12 9
034.13 2
034.20 10
034.21 10
034.22 10
034.23 2
034.30 10
034.31 10
034.32 10
034.33 2
034.40 5
034.41 4
034.42 3
034.43 1
035.10 10
035.11 10
035.12 10
035.13 2
035.20 10
035.21 10
035.22 10
035.23 2
035.30 10
035.31 10
035.32 10
035.33 2
035.40 2
035.41 5
035.42 4
035.43 1
036.10 10
036.11 10
036.12 10
036.13 2
036.20 10
036.21 10
036.22 10
036.23 2
036.30 10
036.31 10
036.32 10
036.33 2
036.40 4
036.41 3
036.42 4
036.43 1
037.10 10
037.11 10
037.12 10
037.13 2
037.20 10
037.21 10
037.22 10
037.23 2
037.30 10
037.31 10
037.32 10
037.33 2
037.40 6
037.41 7
037.42 8
037.43 1
038.10 10
038.11 10
038.12 10
038.13 2
038.20 10
038.21 10
038.22 10
038.23 2
038.30 10
038.31 10
038.32 10
038.33 2
038.40 2
038.41 5
038.42 1
039.10 10
039.11 10
039.12 10
039.13 2
039.20 10
039.21 10
039.22 10
039.23 2
039.30 10
039.31 10
039.32 10
039.33 2
039.40 2
039.41 6
039.42 3
