019.10 41
019.11 42
019.12 42
019.13 33
019.14 31
019.15 32
019.16 32
019.17 32
019.18 32
019.19 32
019.20 42
019.21 42
019.22 42
019.23 33
019.24 32
019.25 31
019.26 30
019.27 8
019.30 10
019.31 10
019.32 9
019.33 2
019.40 10
019.41 10
019.42 10
019.43 2
019.50 9
019.51 10
019.52 10
019.53 2
019.60 10
019.61 10
019.62 10
019.63 2
019.70 9
019.71 7
019.72 10
019.73 2
019.80 10
019.81 10
019.82 10
019.83 2
019.90 10
019.91 10
019.92 10
019.93 2
020.10 37
020.11 41
020.12 41
020.13 34
020.14 32
020.15 32
020.16 31
020.17 32
020.18 32
020.19 32
020.20 42
020.21 42
020.22 41
020.23 34
020.24 32
020.25 32
020.26 32
020.27 9
020.30 10
020.31 10
020.32 10
020.33 2
020.40 10
020.41 10
020.42 10
020.43 2
020.50 10
020.51 10
020.52 10
020.53 2
020.60 10
020.61 10
020.62 10
020.63 2
020.70 10
020.71 10
020.72 10
020.73 2
020.80 10
020.81 10
020.82 10
020.83 2
020.90 10
020.91 10
020.92 10
020.93 2
021.10 41
021.11 42
021.12 41
021.13 34
021.14 31
021.15 32
021.16 32
021.17 31
021.18 32
021.19 32
021.20 41
021.21 41
021.22 41
021.23 34
021.24 32
021.25 32
021.26 32
021.27 5
021.30 10
021.31 10
021.32 10
021.33 2
021.40 10
021.41 10
021.42 10
021.43 2
021.50 10
021.51 10
021.52 10
021.53 2
021.60 10
021.61 10
021.62 10
021.63 2
021.70 10
021.71 10
021.72 10
021.73 2
021.80 10
021.81 10
021.82 10
021.83 2
021.90 10
021.91 10
021.92 10
021.93 2
022.10 42
022.11 42
022.12 42
022.13 34
022.14 32
022.15 31
022.16 31
022.17 31
022.18 32
022.19 32
022.20 42
022.21 42
022.22 42
022.23 33
022.24 32
022.25 31
022.26 30
022.27 5
022.30 10
022.31 10
022.32 10
022.33 1
022.40 10
022.41 10
022.42 10
022.43 2
022.50 10
022.51 10
022.52 10
022.53 2
022.60 10
022.61 10
022.62 10
022.63 2
022.70 10
022.71 10
022.72 10
022.73 2
022.80 10
022.81 10
022.82 10
022.83 2
022.90 10
022.91 10
022.92 10
022.93 2
023.10 42
023.11 42
023.12 40
023.13 34
023.14 32
023.15 31
023.16 32
023.17 31
023.18 32
023.19 32
023.20 42
023.21 42
023.22 42
023.23 34
023.24 32
023.25 32
023.26 29
023.27 8
023.30 9
023.31 10
023.32 10
023.33 2
023.40 10
023.41 10
023.42 10
023.43 2
023.50 10
023.51 10
023.52 10
023.53 2
023.60 10
023.61 10
023.62 10
023.63 2
023.70 10
023.71 10
023.72 10
023.73 2
023.80 10
023.81 10
023.82 10
023.83 2
023.90 10
023.91 10
023.92 10
023.93 2
024.10 41
024.11 39
024.12 42
024.13 34
024.14 31
024.15 32
024.16 31
024.17 32
024.18 32
024.19 26
024.20 37
024.21 40
024.22 41
024.23 34
024.24 32
024.25 31
024.26 31
024.27 7
024.30 10
024.31 10
024.32 10
024.33 2
024.40 9
024.41 10
024.42 10
024.43 2
024.50 10
024.51 10
024.52 10
024.53 2
024.60 10
024.61 10
024.62 10
024.63 2
024.70 10
024.71 10
024.72 9
024.73 2
024.80 10
024.81 10
024.82 10
024.83 2
024.90 10
024.91 9
024.92 8
024.93 2
025.10 42
025.11 42
025.12 41
025.13 34
025.14 31
025.15 32
025.16 31
025.17 31
025.18 32
025.19 30
025.20 39
025.21 38
025.22 41
025.23 31
025.24 31
025.25 30
025.26 31
025.27 6
025.30 10
025.31 10
025.32 10
025.33 2
025.40 10
025.41 9
025.42 10
025.43 2
025.50 10
025.51 10
025.52 10
025.53 2
025.60 10
025.61 10
025.62 9
025.63 2
025.70 10
025.71 9
025.72 10
025.73 2
025.80 10
025.81 9
025.82 9
025.83 2
025.90 10
025.91 10
025.92 10
025.93 2
026.10 41
026.11 38
026.12 40
026.13 34
026.14 32
026.15 30
026.16 32
026.17 29
026.18 32
026.19 32
026.20 42
026.21 41
026.22 42
026.23 30
026.24 32
026.25 31
026.26 31
026.27 8
026.30 10
026.31 10
026.32 10
026.33 2
026.40 10
026.41 10
026.42 9
026.43 2
026.50 10
026.51 9
026.52 9
026.53 1
026.60 10
026.61 10
026.62 9
026.63 2
026.70 8
026.71 10
026.72 10
026.73 2
026.80 10
026.81 10
026.82 9
026.83 1
026.90 10
026.91 10
026.92 10
026.93 2
027.10 41
027.11 42
027.12 41
027.13 34
027.14 32
027.15 32
027.16 29
027.17 27
027.18 29
027.19 31
027.20 40
027.21 41
027.22 42
027.23 33
027.24 30
027.25 31
027.26 31
027.27 11
027.30 10
027.31 10
027.32 9
027.33 2
027.40 10
027.41 10
027.42 10
027.43 2
027.50 10
027.51 9
027.52 10
027.53 2
027.60 10
027.61 8
027.62 9
027.63 2
027.70 10
027.71 10
027.72 10
027.73 2
027.80 9
027.81 10
027.82 10
027.83 2
027.90 10
027.91 10
027.92 10
027.93 2
028.10 42
028.11 41
028.12 42
028.13 34
028.14 29
028.15 32
028.16 30
028.17 32
028.18 32
028.19 32
028.20 42
028.21 39
028.22 41
028.23 33
028.24 32
028.25 32
028.26 32
028.27 5
028.30 10
028.31 9
028.32 9
028.33 1
028.40 9
028.41 10
028.42 10
028.43 2
028.50 10
028.51 10
028.52 10
028.53 2
028.60 10
028.61 8
028.62 10
028.63 2
028.70 10
028.71 10
028.72 10
028.73 2
028.80 10
028.81 10
028.82 10
028.83 2
028.90 10
028.91 10
028.92 10
028.93 2
029.10 42
029.11 40
029.12 41
029.13 34
029.14 32
029.15 32
029.16 32
029.17 30
029.18 29
029.19 29
029.20 42
029.21 41
029.22 42
029.23 34
029.24 32
029.25 32
029.26 28
029.27 6
029.30 9
029.31 9
029.32 10
029.33 2
029.40 9
029.41 10
029.42 10
029.43 2
029.50 9
029.51 10
029.52 9
029.53 2
029.60 9
029.61 9
029.62 9
029.63 2
029.70 10
029.71 9
029.72 9
029.73 2
029.80 10
029.81 10
029.82 10
029.83 2
029.90 10
029.91 10
029.92 10
029.93 2
030.10 41
030.11 41
030.12 41
030.13 31
030.14 31
030.15 32
030.16 32
030.17 30
030.18 31
030.19 31
030.20 42
030.21 40
030.22 42
030.23 34
030.24 30
030.25 32
030.26 30
030.27 12
030.30 9
030.31 10
030.32 10
030.33 2
030.40 9
030.41 9
030.42 10
030.43 2
030.50 10
030.51 10
030.52 10
030.53 2
030.60 10
030.61 10
030.62 10
030.63 1
030.70 10
030.71 10
030.72 10
030.73 2
030.80 10
030.81 10
030.82 9
030.83 2
030.90 9
030.91 9
030.92 10
030.93 2
031.10 41
031.11 41
031.12 37
031.13 31
031.14 31
031.15 31
031.16 31
031.17 32
031.18 32
031.19 29
031.20 41
031.21 41
031.22 42
031.23 33
031.24 32
031.25 32
031.26 30
031.27 7
031.30 10
031.31 10
031.32 10
031.33 2
031.40 9
031.41 10
031.42 10
031.43 2
031.50 10
031.51 10
031.52 10
031.53 2
031.60 10
031.61 10
031.62 10
031.63 2
031.70 10
031.71 10
031.72 10
031.73 2
031.80 10
031.81 10
031.82 10
031.83 2
031.90 10
031.91 10
031.92 9
031.93 2
032.10 40
032.11 42
032.12 39
032.13 33
032.14 32
032.15 31
032.16 28
032.17 29
032.18 30
032.19 28
032.20 37
032.21 41
032.22 42
032.23 33
032.24 32
032.25 30
032.26 32
032.27 10
032.30 10
032.31 10
032.32 10
032.33 2
032.40 10
032.41 10
032.42 10
032.43 2
032.50 10
032.51 9
032.52 10
032.53 2
032.60 10
032.61 10
032.62 10
032.63 2
032.70 10
032.71 10
032.72 10
032.73 2
032.80 10
032.81 10
032.82 10
032.83 2
032.90 10
032.91 8
032.92 10
032.93 2
033.10 41
033.11 39
033.12 41
033.13 34
033.14 32
033.15 32
033.16 31
033.17 31
033.18 32
033.19 32
033.20 42
033.21 41
033.22 39
033.23 33
033.24 32
033.25 30
033.26 31
033.27 9
033.30 8
033.31 10
033.32 10
033.33 1
033.40 10
033.41 10
033.42 10
033.43 2
033.50 10
033.51 10
033.52 10
033.53 2
033.60 10
033.61 9
033.62 9
033.63 2
033.70 10
033.71 9
033.72 10
033.73 2
033.80 10
033.81 9
033.82 10
033.83 1
033.90 9
033.91 10
033.92 9
033.93 2
034.10 37
034.11 39
034.12 39
034.13 34
034.14 31
034.15 32
034.16 31
034.17 32
034.18 32
034.19 31
034.20 42
034.21 41
034.22 38
034.23 31
034.24 30
034.25 29
034.26 29
034.27 9
034.30 10
034.31 10
034.32 9
034.40 9
034.41 9
034.42 10
034.43 2
034.50 10
034.51 6
034.52 10
034.53 2
034.60 10
034.61 10
034.62 10
034.63 2
034.70 10
034.71 10
034.72 10
034.73 2
034.80 10
034.81 10
034.82 10
034.83 2
034.90 10
034.91 9
034.92 10
034.93 2
035.10 39
035.11 40
035.12 42
035.13 34
035.14 31
035.15 31
035.16 32
035.17 32
035.18 27
035.19 32
035.20 42
035.21 41
035.22 42
035.23 34
035.24 32
035.25 28
035.26 31
035.27 11
035.30 10
035.31 10
035.32 8
035.33 2
035.40 8
035.41 10
035.42 10
035.43 2
035.50 9
035.51 10
035.52 10
035.53 2
035.60 8
035.61 10
035.62 10
035.63 2
035.70 10
035.71 10
035.72 10
035.73 2
035.80 10
035.81 10
035.82 8
035.83 2
035.90 9
035.91 10
035.92 9
035.93 2
036.10 40
036.11 41
036.12 37
036.13 30
036.14 29
036.15 32
036.16 31
036.17 31
036.18 31
036.19 32
036.20 42
036.21 40
036.22 39
036.23 33
036.24 30
036.25 31
036.26 31
036.27 8
036.30 10
036.31 10
036.32 10
036.40 9
036.41 9
036.42 10
036.43 2
036.50 10
036.51 10
036.52 10
036.53 2
036.60 9
036.61 10
036.62 10
036.63 2
036.70 10
036.71 10
036.72 9
036.73 2
036.80 10
036.81 10
036.82 10
036.83 2
036.90 10
036.91 8
036.92 10
036.93 2
037.10 39
037.11 42
037.12 42
037.13 34
037.14 31
037.15 29
037.16 30
037.17 30
037.18 32
037.19 32
037.20 41
037.21 42
037.22 41
037.23 33
037.24 31
037.25 30
037.26 30
037.27 8
037.30 10
037.31 8
037.32 10
037.33 2
037.40 10
037.41 10
037.42 10
037.43 2
037.50 10
037.51 10
037.52 10
037.53 2
037.60 10
037.61 10
037.62 10
037.63 2
037.70 10
037.71 10
037.72 10
037.73 2
037.80 10
037.81 10
037.82 10
037.83 2
037.90 10
037.91 10
037.92 10
037.93 2
038.10 42
038.11 42
038.12 42
038.13 34
038.14 32
038.15 30
038.16 31
038.17 31
038.18 31
038.19 32
038.20 41
038.21 38
038.22 41
038.23 32
038.24 32
038.25 31
038.26 32
038.27 7
038.30 10
038.31 9
038.32 10
038.33 2
038.40 10
038.41 10
038.42 9
038.43 2
038.50 10
038.51 10
038.52 10
038.53 2
038.60 10
038.61 10
038.62 10
038.63 2
038.70 10
038.71 10
038.72 10
038.73 2
038.80 10
038.81 10
038.82 10
038.83 2
038.90 10
038.91 10
038.92 10
038.93 2
039.10 41
039.11 41
039.12 41
039.13 33
039.14 28
039.15 32
039.16 30
039.17 30
039.18 32
039.19 30
039.20 42
039.21 41
039.22 41
039.23 34
039.24 31
039.25 32
039.26 32
039.27 4
039.30 10
039.31 10
039.32 10
039.33 2
039.40 9
039.41 9
039.42 10
039.43 2
039.50 9
039.51 10
039.52 10
039.53 2
039.60 10
039.61 9
039.62 8
039.63 1
039.70 9
039.71 9
039.72 9
039.73 2
039.80 10
039.81 9
039.82 10
039.83 2
039.90 10
039.91 8
039.92 10
039.93 2
