019.10 39
019.11 40
019.12 39
019.13 30
019.14 30
019.20 10
019.21 8
019.22 6
019.23 2
019.30 7
019.31 10
019.32 10
019.33 2
019.40 10
019.41 10
019.42 9
019.43 2
019.50 10
019.51 9
019.52 10
019.53 2
019.60 10
019.61 9
019.62 10
019.63 2
019.70 8
019.71 10
019.72 10
019.73 2
019.80 10
019.81 10
019.82 10
019.83 1
019.90 10
019.91 10
019.92 10
019.93 2
020.10 39
020.11 40
020.12 41
020.13 34
020.14 31
020.20 10
020.21 9
020.22 10
020.23 2
020.30 10
020.31 10
020.32 10
020.33 2
020.40 10
020.41 10
020.42 10
020.43 2
020.50 10
020.51 10
020.52 9
020.53 1
020.60 10
020.61 10
020.62 8
020.63 2
020.70 9
020.71 9
020.72 10
020.73 2
020.80 9
020.81 10
020.82 10
020.83 2
020.90 10
020.91 10
020.92 10
020.93 2
021.10 39
021.11 42
021.12 41
021.13 33
021.14 31
021.15 1
021.20 7
021.21 10
021.22 9
021.23 1
021.30 10
021.31 10
021.32 10
021.33 2
021.40 10
021.41 10
021.42 10
021.43 2
021.50 10
021.51 10
021.52 10
021.53 2
021.60 10
021.61 10
021.62 10
021.63 2
021.70 9
021.71 10
021.72 9
021.73 2
021.80 10
021.81 10
021.82 9
021.83 2
021.90 10
021.91 10
021.92 10
021.93 2
022.10 39
022.11 41
022.12 41
022.13 34
022.14 31
022.15 1
022.20 9
022.21 9
022.22 10
022.23 1
022.30 10
022.31 10
022.32 8
022.33 2
022.40 10
022.41 10
022.42 8
022.43 2
022.50 10
022.51 10
022.52 10
022.53 2
022.60 10
022.61 10
022.62 10
022.63 2
022.70 10
022.71 10
022.72 10
022.73 2
022.80 9
022.81 9
022.82 10
022.83 2
022.90 10
022.91 9
022.92 10
022.93 2
023.10 35
023.11 42
023.12 37
023.13 30
023.14 31
023.20 9
023.21 9
023.22 10
023.23 2
023.30 10
023.31 10
023.32 10
023.33 2
023.40 10
023.41 9
023.42 9
023.43 2
023.50 10
023.51 8
023.52 9
023.53 2
023.60 10
023.61 9
023.62 10
023.63 2
023.70 9
023.71 9
023.72 10
023.73 2
023.80 10
023.81 10
023.82 10
023.83 2
023.90 10
023.91 10
023.92 9
023.93 2
024.10 41
024.11 40
024.12 42
024.13 32
024.14 31
024.15 2
024.20 9
024.21 10
024.22 10
024.23 1
024.30 10
024.31 10
024.32 10
024.33 2
024.40 8
024.41 10
024.42 10
024.43 2
024.50 10
024.51 9
024.52 9
024.53 2
024.60 9
024.61 9
024.62 10
024.63 2
024.70 10
024.71 9
024.72 10
024.73 2
024.80 10
024.81 10
024.82 10
024.83 2
024.90 10
024.91 10
024.92 10
024.93 2
025.10 39
025.11 41
025.12 40
025.13 34
025.14 32
025.15 2
025.20 10
025.21 9
025.22 10
025.23 2
025.30 9
025.31 10
025.32 10
025.33 2
025.40 10
025.41 10
025.42 10
025.43 2
025.50 10
025.51 10
025.52 10
025.53 2
025.60 9
025.61 10
025.62 10
025.63 2
025.70 9
025.71 9
025.72 9
025.73 2
025.80 10
025.81 10
025.82 10
025.83 2
025.90 9
025.91 10
025.92 10
025.93 2
026.10 41
026.11 41
026.12 41
026.13 33
026.14 31
026.15 6
026.20 10
026.21 10
026.22 9
026.23 2
026.30 9
026.31 9
026.32 9
026.33 2
026.40 10
026.41 10
026.42 10
026.43 2
026.50 9
026.51 10
026.52 9
026.53 1
026.60 8
026.61 10
026.62 7
026.63 2
026.70 10
026.71 10
026.72 10
026.73 2
026.80 9
026.81 9
026.82 10
026.83 2
026.90 10
026.91 10
026.92 10
026.93 2
027.10 37
027.11 39
027.12 37
027.13 32
027.14 32
027.20 9
027.21 10
027.22 10
027.23 2
027.30 10
027.31 10
027.32 10
027.33 2
027.40 10
027.41 9
027.42 10
027.43 2
027.50 10
027.51 10
027.52 10
027.53 1
027.60 10
027.61 10
027.62 8
027.63 2
027.70 10
027.71 10
027.72 9
027.73 2
027.80 10
027.81 9
027.82 10
027.83 2
027.90 10
027.91 10
027.92 9
027.93 2
028.10 42
028.11 42
028.12 41
028.13 30
028.14 31
028.15 2
028.20 9
028.21 9
028.22 10
028.23 2
028.30 10
028.31 10
028.32 9
028.33 2
028.40 10
028.41 10
028.42 6
028.43 1
028.50 9
028.51 10
028.52 9
028.53 2
028.60 9
028.61 9
028.62 10
028.63 1
028.70 9
028.71 9
028.72 8
028.73 1
028.80 10
028.81 10
028.82 9
028.83 1
028.90 7
028.91 9
028.92 10
028.93 2
029.10 39
029.11 41
029.12 41
029.13 29
029.14 31
029.15 2
029.20 9
029.21 9
029.22 8
029.23 2
029.30 9
029.31 10
029.32 10
029.33 2
029.40 9
029.41 9
029.42 9
029.43 2
029.50 9
029.51 10
029.52 10
029.53 2
029.60 7
029.61 9
029.62 10
029.63 2
029.70 8
029.71 10
029.72 9
029.73 2
029.80 9
029.81 9
029.82 10
029.83 2
029.90 8
029.91 9
029.92 10
029.93 2
030.10 40
030.11 41
030.12 38
030.13 32
030.14 32
030.20 9
030.21 10
030.22 9
030.23 2
030.30 8
030.31 10
030.32 10
030.33 2
030.40 10
030.41 10
030.42 10
030.43 2
030.50 10
030.51 10
030.52 9
030.53 2
030.60 9
030.61 10
030.62 10
030.63 2
030.70 10
030.71 9
030.72 9
030.73 2
030.80 9
030.81 10
030.82 10
030.83 2
030.90 10
030.91 10
030.92 9
030.93 2
031.10 41
031.11 41
031.12 42
031.13 34
031.14 28
031.15 1
031.20 9
031.21 10
031.22 10
031.23 2
031.30 10
031.31 10
031.32 10
031.33 2
031.40 10
031.41 9
031.42 10
031.43 2
031.50 10
031.51 8
031.52 9
031.53 2
031.60 9
031.61 10
031.62 10
031.63 2
031.70 10
031.71 9
031.72 10
031.73 2
031.80 10
031.81 10
031.82 8
031.83 2
031.90 10
031.91 10
031.92 10
031.93 2
032.10 41
032.11 42
032.12 41
032.13 33
032.14 32
032.15 1
032.20 10
032.21 10
032.22 10
032.23 2
032.30 10
032.31 10
032.32 10
032.33 2
032.40 9
032.41 10
032.42 10
032.43 2
032.50 10
032.51 10
032.52 10
032.53 2
032.60 9
032.61 10
032.62 10
032.63 2
032.70 10
032.71 10
032.72 9
032.73 2
032.80 10
032.81 9
032.82 10
032.83 2
032.90 10
032.91 10
032.92 9
032.93 2
033.10 40
033.11 41
033.12 42
033.13 34
033.14 32
033.15 2
033.20 10
033.21 10
033.22 10
033.23 2
033.30 10
033.31 10
033.32 10
033.33 2
033.40 10
033.41 10
033.42 10
033.43 2
033.50 10
033.51 10
033.52 10
033.53 2
033.60 10
033.61 10
033.62 9
033.63 2
033.70 10
033.71 10
033.72 10
033.73 2
033.80 10
033.81 10
033.82 10
033.83 2
033.90 10
033.91 10
033.92 10
033.93 2
034.10 41
034.11 42
034.12 42
034.13 34
034.14 31
034.15 1
034.20 10
034.21 10
034.22 10
034.23 2
034.30 10
034.31 10
034.32 9
034.33 2
034.40 10
034.41 10
034.42 10
034.43 2
034.50 10
034.51 10
034.52 10
034.53 2
034.60 10
034.61 10
034.62 10
034.63 2
034.70 10
034.71 10
034.72 10
034.73 2
034.80 10
034.81 10
034.82 10
034.83 2
034.90 10
034.91 10
034.92 10
034.93 2
035.10 40
035.11 40
035.12 42
035.13 34
035.14 32
035.15 2
035.20 10
035.21 10
035.22 10
035.23 2
035.30 10
035.31 10
035.32 10
035.33 2
035.40 10
035.41 10
035.42 10
035.43 2
035.50 10
035.51 10
035.52 10
035.53 2
035.60 10
035.61 9
035.62 10
035.63 2
035.70 10
035.71 10
035.72 10
035.73 2
035.80 9
035.81 10
035.82 9
035.83 2
035.90 8
035.91 10
035.92 10
035.93 2
036.10 41
036.11 39
036.12 41
036.13 33
036.14 31
036.15 3
036.20 9
036.21 10
036.22 9
036.23 2
036.30 10
036.31 10
036.32 10
036.33 2
036.40 10
036.41 10
036.42 10
036.43 2
036.50 10
036.51 10
036.52 10
036.53 2
036.60 10
036.61 10
036.62 10
036.63 1
036.70 10
036.71 10
036.72 10
036.73 2
036.80 10
036.81 10
036.82 10
036.83 2
036.90 9
036.91 10
036.92 10
036.93 2
037.10 41
037.11 42
037.12 42
037.13 34
037.14 31
037.15 4
037.20 10
037.21 10
037.22 10
037.23 2
037.30 10
037.31 10
037.32 10
037.33 2
037.40 10
037.41 10
037.42 9
037.43 2
037.50 9
037.51 10
037.52 10
037.53 2
037.60 10
037.61 10
037.62 10
037.63 2
037.70 10
037.71 10
037.72 10
037.73 2
037.80 10
037.81 10
037.82 10
037.83 2
037.90 10
037.91 10
037.92 10
037.93 2
038.10 42
038.11 41
038.12 41
038.13 33
038.14 32
038.15 1
038.20 10
038.21 10
038.22 10
038.23 2
038.30 10
038.31 10
038.32 10
038.33 2
038.40 10
038.41 10
038.42 9
038.43 2
038.50 9
038.51 9
038.52 10
038.53 2
038.60 9
038.61 9
038.62 9
038.63 2
038.70 10
038.71 10
038.72 10
038.73 2
038.80 9
038.81 10
038.82 10
038.83 2
038.90 9
038.91 10
038.92 10
038.93 2
039.10 41
039.11 41
039.12 41
039.13 34
039.14 32
039.20 10
039.21 10
039.22 10
039.23 2
039.30 10
039.31 10
039.32 10
039.33 2
039.40 10
039.41 10
039.42 10
039.43 2
039.50 10
039.51 10
039.52 10
039.53 2
039.60 10
039.61 10
039.62 10
039.63 2
039.70 10
039.71 10
039.72 10
039.73 2
039.80 10
039.81 10
039.82 10
039.83 2
039.90 10
039.91 10
039.92 10
039.93 2
