019.10 42
019.11 41
019.12 42
019.13 34
019.14 31
019.15 29
019.16 31
019.17 32
019.18 31
019.19 28
019.20 40
019.21 41
019.22 42
019.23 17
019.30 10
019.31 10
019.32 10
019.33 2
019.40 10
019.41 9
019.42 9
019.43 2
019.50 9
019.51 10
019.52 10
019.53 2
019.60 9
019.61 8
019.62 10
019.63 2
019.70 10
019.71 10
019.72 10
019.73 2
019.80 10
019.81 9
019.82 9
019.83 2
019.90 9
019.91 10
019.92 10
019.93 2
020.10 42
020.11 40
020.12 42
020.13 34
020.14 32
020.15 32
020.16 32
020.17 31
020.18 31
020.19 31
020.20 42
020.21 42
020.22 41
020.23 22
020.30 10
020.31 10
020.32 10
020.33 2
020.40 10
020.41 10
020.42 10
020.43 2
020.50 10
020.51 10
020.52 10
020.53 2
020.60 10
020.61 10
020.62 10
020.63 2
020.70 10
020.71 10
020.72 9
020.73 2
020.80 9
020.81 10
020.82 10
020.83 2
020.90 9
020.91 10
020.92 10
020.93 2
021.10 40
021.11 41
021.12 39
021.13 28
021.14 31
021.15 32
021.16 31
021.17 31
021.18 32
021.19 32
021.20 42
021.21 42
021.22 39
021.23 19
021.24 1
021.30 10
021.31 10
021.32 10
021.33 2
021.40 8
021.41 10
021.42 10
021.43 2
021.50 9
021.51 9
021.52 10
021.53 2
021.60 10
021.61 9
021.62 10
021.63 2
021.70 9
021.71 10
021.72 10
021.73 2
021.80 10
021.81 9
021.82 10
021.83 2
021.90 10
021.91 8
021.92 10
021.93 2
022.10 39
022.11 41
022.12 42
022.13 34
022.14 31
022.15 29
022.16 29
022.17 30
022.18 32
022.19 30
022.20 41
022.21 41
022.22 39
022.23 19
022.30 10
022.31 10
022.32 10
022.33 2
022.40 10
022.41 10
022.42 10
022.43 2
022.50 10
022.51 10
022.52 10
022.53 2
022.60 10
022.61 10
022.62 10
022.63 1
022.70 10
022.71 10
022.72 10
022.73 1
022.80 10
022.81 10
022.82 9
022.83 2
022.90 10
022.91 10
022.92 9
022.93 2
023.10 42
023.11 41
023.12 42
023.13 34
023.14 32
023.15 32
023.16 32
023.17 31
023.18 32
023.19 32
023.20 42
023.21 38
023.22 41
023.23 18
023.30 10
023.31 10
023.32 10
023.33 2
023.40 10
023.41 9
023.42 10
023.43 2
023.50 10
023.51 10
023.52 10
023.53 2
023.60 10
023.61 10
023.62 9
023.63 2
023.70 10
023.71 10
023.72 9
023.73 2
023.80 10
023.81 9
023.82 10
023.83 2
023.90 10
023.91 10
023.92 9
023.93 2
024.10 39
024.11 42
024.12 39
024.13 34
024.14 32
024.15 32
024.16 32
024.17 32
024.18 32
024.19 31
024.20 40
024.21 41
024.22 42
024.23 23
024.30 10
024.31 10
024.32 10
024.33 2
024.40 10
024.41 10
024.42 10
024.43 2
024.50 10
024.51 10
024.52 9
024.53 2
024.60 10
024.61 10
024.62 10
024.63 2
024.70 10
024.71 10
024.72 10
024.73 2
024.80 10
024.81 10
024.82 10
024.83 2
024.90 9
024.91 10
024.92 10
024.93 2
025.10 42
025.11 41
025.12 42
025.13 32
025.14 32
025.15 30
025.16 31
025.17 32
025.18 31
025.19 32
025.20 40
025.21 39
025.22 42
025.23 20
025.30 8
025.31 10
025.32 9
025.33 2
025.40 10
025.41 10
025.42 10
025.43 2
025.50 10
025.51 10
025.52 10
025.53 2
025.60 9
025.61 10
025.62 10
025.63 2
025.70 10
025.71 9
025.72 10
025.73 2
025.80 8
025.81 8
025.82 10
025.83 1
025.90 10
025.91 10
025.92 10
025.93 2
026.10 41
026.11 41
026.12 41
026.13 34
026.14 31
026.15 31
026.16 32
026.17 32
026.18 30
026.19 31
026.20 41
026.21 40
026.22 40
026.23 17
026.30 10
026.31 10
026.32 10
026.33 2
026.40 10
026.41 8
026.42 8
026.43 2
026.50 10
026.51 9
026.52 9
026.53 2
026.60 9
026.61 9
026.62 8
026.63 2
026.70 8
026.71 10
026.72 10
026.73 1
026.80 8
026.81 10
026.82 10
026.83 2
026.90 10
026.91 10
026.92 9
026.93 2
027.10 39
027.11 34
027.12 39
027.13 31
027.14 29
027.15 30
027.16 31
027.17 31
027.18 30
027.19 32
027.20 42
027.21 41
027.22 42
027.23 19
027.30 10
027.31 10
027.32 10
027.33 1
027.40 10
027.41 8
027.42 10
027.43 2
027.50 10
027.51 9
027.52 10
027.53 2
027.60 10
027.61 10
027.62 8
027.63 2
027.70 10
027.71 10
027.72 10
027.73 2
027.80 8
027.81 9
027.82 9
027.83 2
027.90 10
027.91 9
027.92 10
027.93 2
028.10 39
028.11 39
028.12 42
028.13 31
028.14 32
028.15 31
028.16 30
028.17 31
028.18 32
028.19 32
028.20 40
028.21 42
028.22 41
028.23 19
028.30 9
028.31 10
028.32 9
028.33 2
028.40 10
028.41 10
028.42 9
028.43 2
028.50 10
028.51 10
028.52 10
028.53 2
028.60 10
028.61 10
028.62 9
028.63 2
028.70 10
028.71 10
028.72 10
028.73 2
028.80 10
028.81 10
028.82 10
028.83 2
028.90 10
028.91 9
028.92 10
028.93 2
029.10 41
029.11 41
029.12 42
029.13 33
029.14 29
029.15 32
029.16 32
029.17 31
029.18 32
029.19 29
029.20 41
029.21 41
029.22 40
029.23 25
029.30 9
029.31 10
029.32 10
029.33 2
029.40 10
029.41 10
029.42 9
029.43 2
029.50 10
029.51 10
029.52 10
029.53 2
029.60 9
029.61 9
029.62 10
029.63 2
029.70 10
029.71 10
029.72 10
029.73 2
029.80 9
029.81 10
029.82 10
029.83 2
029.90 10
029.91 10
029.92 10
029.93 2
030.10 39
030.11 41
030.12 42
030.13 34
030.14 31
030.15 32
030.16 31
030.17 30
030.18 31
030.19 31
030.20 41
030.21 41
030.22 39
030.23 22
030.24 1
030.30 10
030.31 10
030.32 10
030.33 2
030.40 10
030.41 10
030.42 10
030.43 2
030.50 10
030.51 10
030.52 9
030.53 2
030.60 10
030.61 10
030.62 10
030.63 2
030.70 10
030.71 9
030.72 9
030.73 2
030.80 10
030.81 10
030.82 9
030.83 2
030.90 10
030.91 10
030.92 10
030.93 2
031.10 42
031.11 42
031.12 41
031.13 33
031.14 32
031.15 31
031.16 31
031.17 31
031.18 32
031.19 32
031.20 41
031.21 40
031.22 40
031.23 17
031.30 10
031.31 10
031.32 9
031.33 2
031.40 10
031.41 9
031.42 10
031.43 2
031.50 10
031.51 10
031.52 10
031.53 2
031.60 10
031.61 10
031.62 10
031.63 2
031.70 10
031.71 9
031.72 10
031.73 2
031.80 10
031.81 10
031.82 9
031.83 2
031.90 10
031.91 10
031.92 10
031.93 2
032.10 42
032.11 39
032.12 41
032.13 33
032.14 30
032.15 31
032.16 32
032.17 31
032.18 31
032.19 32
032.20 41
032.21 41
032.22 41
032.23 22
032.24 1
032.30 10
032.31 10
032.32 10
032.33 2
032.40 10
032.41 10
032.42 9
032.43 2
032.50 10
032.51 10
032.52 9
032.53 2
032.60 9
032.61 10
032.62 9
032.63 2
032.70 9
032.71 10
032.72 9
032.73 2
032.80 10
032.81 10
032.82 9
032.83 2
032.90 10
032.91 10
032.92 10
032.93 2
033.10 42
033.11 42
033.12 41
033.13 34
033.14 32
033.15 30
033.16 27
033.17 30
033.18 30
033.19 30
033.20 40
033.21 42
033.22 41
033.23 23
033.30 9
033.31 10
033.32 10
033.33 2
033.40 9
033.41 10
033.42 9
033.43 2
033.50 10
033.51 10
033.52 10
033.53 2
033.60 10
033.61 8
033.62 9
033.63 2
033.70 10
033.71 9
033.72 10
033.73 2
033.80 9
033.81 9
033.82 10
033.83 2
033.90 9
033.91 9
033.92 10
033.93 2
034.10 42
034.11 41
034.12 41
034.13 33
034.14 31
034.15 31
034.16 32
034.17 31
034.18 32
034.19 32
034.20 42
034.21 40
034.22 40
034.23 24
034.30 10
034.31 10
034.32 10
034.33 2
034.40 10
034.41 10
034.42 10
034.43 2
034.50 10
034.51 10
034.52 10
034.53 2
034.60 10
034.61 10
034.62 10
034.63 2
034.70 10
034.71 10
034.72 9
034.73 2
034.80 10
034.81 10
034.82 9
034.83 2
034.90 10
034.91 10
034.92 10
034.93 2
035.10 40
035.11 41
035.12 42
035.13 32
035.14 31
035.15 30
035.16 31
035.17 31
035.18 30
035.19 30
035.20 41
035.21 40
035.22 41
035.23 21
035.30 8
035.31 10
035.32 7
035.33 2
035.40 7
035.41 10
035.42 9
035.43 2
035.50 7
035.51 8
035.52 9
035.53 2
035.60 10
035.61 9
035.62 9
035.63 1
035.70 8
035.71 9
035.72 10
035.73 2
035.80 10
035.81 10
035.82 10
035.83 2
035.90 9
035.91 10
035.92 9
035.93 2
036.10 39
036.11 42
036.12 41
036.13 33
036.14 32
036.15 32
036.16 32
036.17 31
036.18 31
036.19 32
036.20 36
036.21 37
036.22 40
036.23 15
036.30 10
036.31 9
036.32 10
036.33 1
036.40 10
036.41 10
036.42 10
036.43 2
036.50 10
036.51 10
036.52 10
036.53 2
036.60 10
036.61 10
036.62 10
036.63 2
036.70 10
036.71 10
036.72 10
036.73 2
036.80 10
036.81 10
036.82 9
036.83 2
036.90 10
036.91 10
036.92 10
036.93 2
037.10 42
037.11 41
037.12 41
037.13 33
037.14 32
037.15 32
037.16 32
037.17 30
037.18 32
037.19 32
037.20 42
037.21 41
037.22 42
037.23 22
037.30 10
037.31 10
037.32 10
037.33 2
037.40 10
037.41 10
037.42 10
037.43 2
037.50 10
037.51 10
037.52 10
037.53 2
037.60 10
037.61 9
037.62 9
037.63 2
037.70 10
037.71 10
037.72 9
037.73 2
037.80 10
037.81 10
037.82 9
037.83 2
037.90 9
037.91 10
037.92 10
037.93 2
038.10 40
038.11 38
038.12 42
038.13 34
038.14 31
038.15 31
038.16 31
038.17 31
038.18 29
038.19 31
038.20 40
038.21 42
038.22 42
038.23 25
038.30 10
038.31 10
038.32 9
038.33 2
038.40 9
038.41 10
038.42 9
038.43 2
038.50 10
038.51 9
038.52 10
038.53 2
038.60 10
038.61 10
038.62 10
038.63 2
038.70 9
038.71 10
038.72 7
038.73 2
038.80 10
038.81 10
038.82 10
038.83 2
038.90 10
038.91 10
038.92 10
038.93 2
039.10 40
039.11 41
039.12 41
039.13 32
039.14 32
039.15 30
039.16 31
039.17 29
039.18 32
039.19 32
039.20 42
039.21 38
039.22 42
039.23 18
039.30 8
039.31 10
039.32 10
039.33 2
039.40 10
039.41 10
039.42 10
039.43 2
039.50 10
039.51 9
039.52 10
039.53 2
039.60 10
039.61 8
039.62 9
039.63 2
039.70 10
039.71 10
039.72 8
039.73 2
039.80 10
039.81 9
039.82 10
039.83 2
039.90 10
039.91 10
039.92 10
039.93 2
