019.10 41
019.11 41
019.12 42
019.13 32
019.14 32
019.15 32
019.16 32
019.17 32
019.18 31
019.19 32
019.20 42
019.21 41
019.22 42
019.23 34
019.24 32
019.25 32
019.26 32
019.27 32
019.28 32
019.29 32
019.30 41
019.31 41
019.32 41
019.33 33
019.34 30
019.35 30
019.36 23
019.37 1
019.40 10
019.41 10
019.42 10
019.43 2
019.50 9
019.51 10
019.52 10
019.53 2
019.60 10
019.61 10
019.62 10
019.63 2
019.70 9
019.71 10
019.72 10
019.73 2
019.80 10
019.81 10
019.82 10
019.83 2
019.90 10
019.91 10
019.92 10
019.93 2
020.10 42
020.11 40
020.12 42
020.13 34
020.14 32
020.15 32
020.16 32
020.17 30
020.18 31
020.19 32
020.20 42
020.21 41
020.22 41
020.23 33
020.24 31
020.25 32
020.26 32
020.27 32
020.28 32
020.29 32
020.30 42
020.31 39
020.32 42
020.33 33
020.34 31
020.35 31
020.36 22
020.37 3
020.40 10
020.41 10
020.42 10
020.43 2
020.50 10
020.51 10
020.52 10
020.53 2
020.60 10
020.61 10
020.62 10
020.63 2
020.70 9
020.71 10
020.72 10
020.73 2
020.80 10
020.81 8
020.82 10
020.83 2
020.90 10
020.91 10
020.92 10
020.93 2
021.10 42
021.11 42
021.12 42
021.13 34
021.14 32
021.15 32
021.16 32
021.17 32
021.18 32
021.19 32
021.20 42
021.21 41
021.22 41
021.23 33
021.24 32
021.25 32
021.26 32
021.27 32
021.28 32
021.29 31
021.30 41
021.31 41
021.32 42
021.33 33
021.34 32
021.35 32
021.36 17
021.37 1
021.40 10
021.41 10
021.42 10
021.43 2
021.50 10
021.51 10
021.52 10
021.53 2
021.60 10
021.61 9
021.62 10
021.63 2
021.70 10
021.71 9
021.72 10
021.73 2
021.80 10
021.81 8
021.82 9
021.83 2
021.90 9
021.91 9
021.92 10
021.93 2
022.10 40
022.11 36
022.12 40
022.13 34
022.14 32
022.15 31
022.16 32
022.17 32
022.18 32
022.19 31
022.20 42
022.21 40
022.22 42
022.23 33
022.24 32
022.25 31
022.26 31
022.27 32
022.28 32
022.29 28
022.30 41
022.31 42
022.32 40
022.33 31
022.34 32
022.35 32
022.36 26
022.37 5
022.40 9
022.41 8
022.42 10
022.43 2
022.50 10
022.51 10
022.52 10
022.53 2
022.60 9
022.61 9
022.62 10
022.63 1
022.70 10
022.71 9
022.72 10
022.73 2
022.80 10
022.81 10
022.82 10
022.83 2
022.90 10
022.91 10
022.92 10
022.93 2
023.10 41
023.11 42
023.12 37
023.13 32
023.14 29
023.15 31
023.16 30
023.17 28
023.18 25
023.19 32
023.20 40
023.21 40
023.22 42
023.23 34
023.24 32
023.25 32
023.26 32
023.27 31
023.28 32
023.29 32
023.30 39
023.31 42
023.32 41
023.33 33
023.34 32
023.35 32
023.36 27
023.40 10
023.41 10
023.42 10
023.43 2
023.50 10
023.51 10
023.52 10
023.53 2
023.60 10
023.61 10
023.62 10
023.63 2
023.70 10
023.71 9
023.72 10
023.73 1
023.80 10
023.81 10
023.82 10
023.83 2
023.90 10
023.91 10
023.92 10
023.93 2
024.10 42
024.11 42
024.12 42
024.13 34
024.14 31
024.15 31
024.16 32
024.17 31
024.18 31
024.19 31
024.20 40
024.21 40
024.22 41
024.23 33
024.24 32
024.25 30
024.26 30
024.27 31
024.28 30
024.29 30
024.30 42
024.31 42
024.32 42
024.33 33
024.34 31
024.35 32
024.36 27
024.37 1
024.40 10
024.41 10
024.42 10
024.43 2
024.50 9
024.51 10
024.52 10
024.53 2
024.60 10
024.61 9
024.62 10
024.63 2
024.70 10
024.71 9
024.72 10
024.73 2
024.80 10
024.81 10
024.82 10
024.83 2
024.90 10
024.91 10
024.92 9
024.93 2
025.10 42
025.11 42
025.12 41
025.13 34
025.14 31
025.15 32
025.16 31
025.17 31
025.18 32
025.19 32
025.20 42
025.21 41
025.22 42
025.23 34
025.24 31
025.25 32
025.26 31
025.27 32
025.28 32
025.29 32
025.30 42
025.31 42
025.32 42
025.33 34
025.34 32
025.35 32
025.36 21
025.37 2
025.40 10
025.41 10
025.42 10
025.43 2
025.50 10
025.51 10
025.52 10
025.53 2
025.60 10
025.61 10
025.62 10
025.63 2
025.70 10
025.71 10
025.72 10
025.73 2
025.80 10
025.81 10
025.82 10
025.83 2
025.90 10
025.91 9
025.92 10
025.93 2
026.10 40
026.11 42
026.12 42
026.13 34
026.14 31
026.15 32
026.16 31
026.17 31
026.18 32
026.19 32
026.20 42
026.21 41
026.22 41
026.23 31
026.24 30
026.25 32
026.26 32
026.27 32
026.28 32
026.29 32
026.30 42
026.31 42
026.32 40
026.33 33
026.34 31
026.35 32
026.36 26
026.37 4
026.40 10
026.41 10
026.42 10
026.43 2
026.50 9
026.51 9
026.52 10
026.53 2
026.60 10
026.61 10
026.62 10
026.63 2
026.70 10
026.71 10
026.72 10
026.73 2
026.80 10
026.81 9
026.82 10
026.83 2
026.90 10
026.91 10
026.92 10
026.93 2
027.10 42
027.11 40
027.12 41
027.13 34
027.14 32
027.15 32
027.16 31
027.17 32
027.18 31
027.19 29
027.20 42
027.21 42
027.22 41
027.23 34
027.24 32
027.25 32
027.26 30
027.27 31
027.28 29
027.29 32
027.30 42
027.31 42
027.32 41
027.33 34
027.34 31
027.35 32
027.36 23
027.40 10
027.41 10
027.42 10
027.43 2
027.50 10
027.51 10
027.52 10
027.53 2
027.60 10
027.61 10
027.62 10
027.63 2
027.70 10
027.71 10
027.72 10
027.73 2
027.80 10
027.81 10
027.82 10
027.83 2
027.90 10
027.91 10
027.92 10
027.93 2
028.10 42
028.11 42
028.12 41
028.13 32
028.14 28
028.15 32
028.16 32
028.17 32
028.18 32
028.19 32
028.20 41
028.21 42
028.22 40
028.23 33
028.24 30
028.25 32
028.26 32
028.27 31
028.28 31
028.29 32
028.30 39
028.31 41
028.32 42
028.33 34
028.34 31
028.35 31
028.36 24
028.37 2
028.40 10
028.41 9
028.42 9
028.43 2
028.50 10
028.51 10
028.52 10
028.53 1
028.60 10
028.61 10
028.62 9
028.63 2
028.70 9
028.71 7
028.72 9
028.73 2
028.80 9
028.81 10
028.82 10
028.83 2
028.90 9
028.91 10
028.92 10
028.93 2
029.10 40
029.11 41
029.12 42
029.13 33
029.14 32
029.15 31
029.16 32
029.17 32
029.18 29
029.19 32
029.20 42
029.21 39
029.22 40
029.23 31
029.24 31
029.25 29
029.26 31
029.27 32
029.28 30
029.29 32
029.30 42
029.31 42
029.32 42
029.33 34
029.34 31
029.35 32
029.36 29
029.37 4
029.40 10
029.41 10
029.42 10
029.43 2
029.50 10
029.51 10
029.52 10
029.53 2
029.60 10
029.61 10
029.62 10
029.63 2
029.70 10
029.71 10
029.72 10
029.73 2
029.80 10
029.81 10
029.82 10
029.83 2
029.90 10
029.91 10
029.92 10
029.93 2
030.10 42
030.11 42
030.12 40
030.13 34
030.14 32
030.15 32
030.16 32
030.17 31
030.18 30
030.19 30
030.20 38
030.21 40
030.22 42
030.23 34
030.24 31
030.25 32
030.26 32
030.27 32
030.28 32
030.29 29
030.30 42
030.31 41
030.32 41
030.33 33
030.34 32
030.35 32
030.36 31
030.37 5
030.40 10
030.41 10
030.42 10
030.43 2
030.50 10
030.51 10
030.52 10
030.53 2
030.60 10
030.61 10
030.62 10
030.63 2
030.70 10
030.71 10
030.72 9
030.73 2
030.80 10
030.81 10
030.82 10
030.83 2
030.90 9
030.91 9
030.92 10
030.93 2
031.10 42
031.11 42
031.12 42
031.13 34
031.14 32
031.15 32
031.16 32
031.17 31
031.18 31
031.19 28
031.20 39
031.21 41
031.22 41
031.23 32
031.24 32
031.25 32
031.26 31
031.27 30
031.28 32
031.29 32
031.30 41
031.31 41
031.32 42
031.33 33
031.34 32
031.35 29
031.36 27
031.37 4
031.40 10
031.41 10
031.42 10
031.43 2
031.50 9
031.51 9
031.52 10
031.53 2
031.60 10
031.61 8
031.62 10
031.63 2
031.70 9
031.71 10
031.72 10
031.73 2
031.80 10
031.81 10
031.82 10
031.83 2
031.90 10
031.91 10
031.92 10
031.93 2
032.10 39
032.11 41
032.12 42
032.13 34
032.14 32
032.15 30
032.16 32
032.17 32
032.18 32
032.19 32
032.20 41
032.21 41
032.22 40
032.23 30
032.24 30
032.25 32
032.26 32
032.27 31
032.28 32
032.29 32
032.30 42
032.31 39
032.32 42
032.33 34
032.34 32
032.35 32
032.36 28
032.37 1
032.40 9
032.41 10
032.42 10
032.43 2
032.50 10
032.51 10
032.52 10
032.53 2
032.60 10
032.61 10
032.62 10
032.63 2
032.70 10
032.71 9
032.72 10
032.73 2
032.80 9
032.81 10
032.82 9
032.83 2
032.90 9
032.91 10
032.92 9
032.93 2
033.10 42
033.11 42
033.12 42
033.13 34
033.14 32
033.15 30
033.16 32
033.17 28
033.18 32
033.19 31
033.20 39
033.21 40
033.22 38
033.23 33
033.24 32
033.25 32
033.26 32
033.27 32
033.28 32
033.29 32
033.30 40
033.31 38
033.32 39
033.33 34
033.34 30
033.35 30
033.36 22
033.37 1
033.40 10
033.41 10
033.42 10
033.43 2
033.50 10
033.51 10
033.52 10
033.53 2
033.60 10
033.61 10
033.62 10
033.63 2
033.70 9
033.71 10
033.72 10
033.73 2
033.80 10
033.81 9
033.82 10
033.83 2
033.90 10
033.91 8
033.92 10
033.93 2
034.10 40
034.11 39
034.12 37
034.13 31
034.14 30
034.15 30
034.16 32
034.17 30
034.18 32
034.19 31
034.20 41
034.21 42
034.22 40
034.23 34
034.24 32
034.25 32
034.26 31
034.27 31
034.28 27
034.29 31
034.30 41
034.31 40
034.32 38
034.33 34
034.34 30
034.35 30
034.36 30
034.37 5
034.40 10
034.41 10
034.42 10
034.43 2
034.50 9
034.51 9
034.52 6
034.53 2
034.60 10
034.61 10
034.62 10
034.63 2
034.70 9
034.71 9
034.72 10
034.73 2
034.80 8
034.81 10
034.82 10
034.83 2
034.90 10
034.91 10
034.92 9
034.93 2
035.10 42
035.11 41
035.12 42
035.13 34
035.14 32
035.15 32
035.16 32
035.17 32
035.18 31
035.19 32
035.20 42
035.21 42
035.22 41
035.23 33
035.24 32
035.25 32
035.26 31
035.27 32
035.28 32
035.29 31
035.30 42
035.31 41
035.32 42
035.33 31
035.34 30
035.35 30
035.36 30
035.40 9
035.41 10
035.42 10
035.43 2
035.50 9
035.51 9
035.52 10
035.53 2
035.60 10
035.61 8
035.62 9
035.63 2
035.70 10
035.71 10
035.72 10
035.73 2
035.80 10
035.81 10
035.82 9
035.83 2
035.90 9
035.91 10
035.92 10
035.93 2
036.10 40
036.11 42
036.12 41
036.13 33
036.14 31
036.15 27
036.16 28
036.17 30
036.18 30
036.19 30
036.20 40
036.21 41
036.22 39
036.23 30
036.24 30
036.25 31
036.26 29
036.27 32
036.28 32
036.29 32
036.30 39
036.31 42
036.32 41
036.33 34
036.34 26
036.35 30
036.36 27
036.37 3
036.40 9
036.41 10
036.42 10
036.43 2
036.50 10
036.51 9
036.52 10
036.53 2
036.60 10
036.61 9
036.62 10
036.63 2
036.70 10
036.71 9
036.72 9
036.73 2
036.80 10
036.81 9
036.82 10
036.83 2
036.90 9
036.91 10
036.92 10
036.93 2
037.10 41
037.11 42
037.12 40
037.13 31
037.14 32
037.15 26
037.16 30
037.17 31
037.18 30
037.19 32
037.20 41
037.21 41
037.22 40
037.23 34
037.24 31
037.25 32
037.26 32
037.27 31
037.28 32
037.29 32
037.30 42
037.31 37
037.32 41
037.33 31
037.34 31
037.35 31
037.36 28
037.37 2
037.40 10
037.41 10
037.42 9
037.43 1
037.50 10
037.51 9
037.52 9
037.53 2
037.60 9
037.61 10
037.62 10
037.63 2
037.70 10
037.71 10
037.72 10
037.73 2
037.80 10
037.81 10
037.82 10
037.83 2
037.90 10
037.91 10
037.92 10
037.93 2
038.10 42
038.11 41
038.12 42
038.13 34
038.14 32
038.15 31
038.16 32
038.17 30
038.18 28
038.19 32
038.20 39
038.21 42
038.22 42
038.23 33
038.24 32
038.25 32
038.26 32
038.27 32
038.28 32
038.29 31
038.30 40
038.31 40
038.32 42
038.33 34
038.34 31
038.35 30
038.36 29
038.37 3
038.40 10
038.41 10
038.42 10
038.43 2
038.50 10
038.51 10
038.52 10
038.53 2
038.60 9
038.61 10
038.62 10
038.63 2
038.70 10
038.71 10
038.72 10
038.73 2
038.80 8
038.81 10
038.82 9
038.83 2
038.90 10
038.91 10
038.92 9
038.93 2
039.10 40
039.11 41
039.12 42
039.13 34
039.14 32
039.15 31
039.16 32
039.17 32
039.18 32
039.19 32
039.20 40
039.21 42
039.22 42
039.23 34
039.24 30
039.25 32
039.26 32
039.27 32
039.28 32
039.29 32
039.30 41
039.31 42
039.32 42
039.33 34
039.34 32
039.35 32
039.36 24
039.40 10
039.41 10
039.42 10
039.43 2
039.50 10
039.51 10
039.52 10
039.53 2
039.60 10
039.61 10
039.62 10
039.63 2
039.70 10
039.71 10
039.72 10
039.73 2
039.80 10
039.81 10
039.82 9
039.83 2
039.90 10
039.91 10
039.92 10
039.93 2
