019.10 10
019.11 9
019.12 10
019.13 2
019.20 10
019.21 10
019.22 10
019.23 2
019.30 7
019.31 9
019.32 10
019.33 1
020.10 10
020.11 10
020.12 10
020.13 2
020.20 10
020.21 9
020.22 9
020.23 2
020.30 7
020.31 10
020.32 6
020.33 1
021.10 10
021.11 10
021.12 10
021.13 2
021.20 10
021.21 10
021.22 10
021.23 2
021.30 8
021.31 10
021.32 5
021.33 2
022.10 10
022.11 10
022.12 10
022.13 2
022.20 10
022.21 10
022.22 10
022.23 2
022.30 6
022.31 9
022.32 9
022.33 2
023.10 10
023.11 10
023.12 10
023.13 2
023.20 10
023.21 10
023.22 10
023.23 2
023.30 9
023.31 10
023.32 8
023.33 2
024.10 10
024.11 10
024.12 10
024.13 2
024.20 10
024.21 10
024.22 10
024.23 2
024.30 8
024.31 9
024.32 9
024.33 2
025.10 10
025.11 10
025.12 10
025.13 2
025.20 10
025.21 10
025.22 10
025.23 2
025.30 8
025.31 7
025.32 9
025.33 2
026.10 10
026.11 10
026.12 10
026.13 2
026.20 10
026.21 10
026.22 10
026.23 2
026.30 10
026.31 10
026.32 8
026.33 2
027.10 10
027.11 10
027.12 10
027.13 2
027.20 10
027.21 10
027.22 10
027.23 2
027.30 8
027.31 6
027.32 6
027.33 2
028.10 10
028.11 10
028.12 10
028.13 2
028.20 10
028.21 10
028.22 10
028.23 2
028.30 8
028.31 7
028.32 9
028.33 1
029.10 10
029.11 10
029.12 10
029.13 2
029.20 9
029.21 10
029.22 10
029.23 2
029.30 9
029.31 9
029.32 8
029.33 1
030.10 10
030.11 10
030.12 10
030.13 2
030.20 10
030.21 10
030.22 10
030.23 2
030.30 8
030.31 9
030.32 10
030.33 2
031.10 10
031.11 10
031.12 10
031.13 2
031.20 10
031.21 10
031.22 10
031.23 2
031.30 9
031.31 9
031.32 10
031.33 1
032.10 10
032.11 10
032.12 10
032.13 2
032.20 10
032.21 10
032.22 10
032.23 2
032.30 9
032.31 10
032.32 10
032.33 2
033.10 10
033.11 10
033.12 10
033.13 2
033.20 10
033.21 10
033.22 10
033.23 2
033.30 10
033.31 9
033.32 9
033.33 2
034.10 10
034.11 10
034.12 10
034.13 2
034.20 10
034.21 10
034.22 10
034.23 2
034.30 10
034.31 9
034.32 9
034.33 2
035.10 10
035.11 10
035.12 9
035.13 2
035.20 10
035.21 10
035.22 9
035.23 2
035.30 10
035.31 10
035.32 8
035.33 2
036.10 10
036.11 10
036.12 10
036.13 2
036.20 10
036.21 10
036.22 10
036.23 2
036.30 8
036.31 9
036.32 10
036.33 2
037.10 10
037.11 10
037.12 10
037.13 2
037.20 10
037.21 10
037.22 10
037.23 2
037.30 7
037.31 10
037.32 10
037.33 2
038.10 10
038.11 10
038.12 10
038.13 2
038.20 10
038.21 10
038.22 10
038.23 2
038.30 10
038.31 8
038.32 10
038.33 2
039.10 10
039.11 10
039.12 9
039.13 2
039.20 10
039.21 10
039.22 10
039.23 2
039.30 9
039.31 9
039.32 7
039.33 2
