019.10 41
019.11 42
019.12 42
019.13 34
019.14 32
019.15 32
019.16 30
019.17 31
019.18 30
019.19 31
019.20 41
019.21 42
019.22 41
019.23 33
019.24 32
019.25 31
019.26 32
019.27 32
019.28 30
019.29 29
019.30 40
019.31 39
019.32 42
019.33 33
019.34 31
019.35 32
019.36 32
019.37 32
019.38 31
019.39 31
019.40 38
019.41 42
019.42 41
019.43 34
019.44 32
019.45 32
019.46 31
019.47 32
019.48 32
019.49 32
019.50 42
019.51 40
019.52 42
019.53 34
019.54 32
019.55 31
019.56 32
019.57 31
019.58 32
019.59 32
019.60 40
019.61 40
019.62 42
019.63 33
019.64 32
019.65 32
019.66 30
019.67 32
019.68 31
019.69 31
019.70 25
019.71 12
019.72 10
019.73 2
019.80 10
019.81 10
019.82 10
019.83 2
019.90 10
019.91 10
019.92 10
019.93 2
020.10 42
020.11 42
020.12 42
020.13 34
020.14 32
020.15 32
020.16 31
020.17 32
020.18 32
020.19 32
020.20 42
020.21 42
020.22 42
020.23 34
020.24 32
020.25 32
020.26 31
020.27 32
020.28 32
020.29 31
020.30 40
020.31 42
020.32 38
020.33 34
020.34 29
020.35 27
020.36 30
020.37 32
020.38 32
020.39 32
020.40 42
020.41 40
020.42 42
020.43 33
020.44 31
020.45 32
020.46 32
020.47 32
020.48 32
020.49 29
020.50 41
020.51 42
020.52 40
020.53 34
020.54 32
020.55 32
020.56 32
020.57 31
020.58 27
020.59 30
020.60 42
020.61 40
020.62 36
020.63 32
020.64 32
020.65 31
020.66 31
020.67 32
020.68 30
020.69 30
020.70 24
020.71 11
020.72 9
020.73 2
020.80 9
020.81 10
020.82 9
020.83 2
020.90 10
020.91 10
020.92 9
020.93 2
021.10 40
021.11 41
021.12 42
021.13 34
021.14 30
021.15 31
021.16 31
021.17 29
021.18 32
021.19 31
021.20 42
021.21 42
021.22 40
021.23 34
021.24 32
021.25 32
021.26 32
021.27 32
021.28 32
021.29 32
021.30 42
021.31 41
021.32 42
021.33 33
021.34 32
021.35 32
021.36 31
021.37 32
021.38 32
021.39 32
021.40 42
021.41 42
021.42 40
021.43 32
021.44 30
021.45 32
021.46 32
021.47 32
021.48 32
021.49 32
021.50 41
021.51 41
021.52 41
021.53 34
021.54 32
021.55 32
021.56 32
021.57 32
021.58 32
021.59 32
021.60 42
021.61 42
021.62 40
021.63 32
021.64 30
021.65 30
021.66 31
021.67 32
021.68 32
021.69 30
021.70 22
021.71 10
021.72 10
021.73 2
021.80 10
021.81 10
021.82 10
021.83 2
021.90 10
021.91 9
021.92 10
021.93 2
022.10 41
022.11 40
022.12 40
022.13 33
022.14 32
022.15 32
022.16 31
022.17 32
022.18 32
022.19 32
022.20 41
022.21 41
022.22 41
022.23 33
022.24 32
022.25 32
022.26 31
022.27 32
022.28 31
022.29 32
022.30 41
022.31 40
022.32 42
022.33 33
022.34 31
022.35 32
022.36 32
022.37 32
022.38 32
022.39 31
022.40 40
022.41 42
022.42 42
022.43 32
022.44 31
022.45 32
022.46 31
022.47 32
022.48 31
022.49 32
022.50 41
022.51 42
022.52 42
022.53 34
022.54 32
022.55 32
022.56 32
022.57 32
022.58 32
022.59 30
022.60 42
022.61 42
022.62 42
022.63 33
022.64 31
022.65 32
022.66 32
022.67 32
022.68 32
022.69 29
022.70 21
022.71 11
022.72 10
022.73 2
022.80 10
022.81 10
022.82 10
022.83 2
022.90 9
022.91 10
022.92 10
022.93 2
023.10 42
023.11 40
023.12 41
023.13 33
023.14 31
023.15 31
023.16 31
023.17 31
023.18 32
023.19 32
023.20 42
023.21 42
023.22 41
023.23 34
023.24 32
023.25 31
023.26 32
023.27 31
023.28 31
023.29 32
023.30 42
023.31 40
023.32 42
023.33 34
023.34 32
023.35 32
023.36 31
023.37 31
023.38 32
023.39 31
023.40 42
023.41 42
023.42 41
023.43 34
023.44 31
023.45 32
023.46 32
023.47 32
023.48 31
023.49 31
023.50 41
023.51 42
023.52 42
023.53 33
023.54 32
023.55 32
023.56 32
023.57 32
023.58 30
023.59 32
023.60 42
023.61 42
023.62 39
023.63 34
023.64 31
023.65 32
023.66 31
023.67 31
023.68 32
023.69 30
023.70 19
023.71 10
023.72 10
023.73 2
023.80 9
023.81 10
023.82 10
023.83 2
023.90 8
023.91 10
023.92 10
023.93 2
024.10 42
024.11 42
024.12 42
024.13 34
024.14 32
024.15 30
024.16 31
024.17 29
024.18 31
024.19 31
024.20 39
024.21 42
024.22 42
024.23 34
024.24 31
024.25 32
024.26 32
024.27 32
024.28 32
024.29 31
024.30 41
024.31 42
024.32 42
024.33 34
024.34 32
024.35 32
024.36 32
024.37 29
024.38 32
024.39 32
024.40 42
024.41 41
024.42 42
024.43 34
024.44 31
024.45 32
024.46 32
024.47 32
024.48 32
024.49 31
024.50 41
024.51 41
024.52 42
024.53 33
024.54 32
024.55 32
024.56 32
024.57 32
024.58 32
024.59 32
024.60 42
024.61 41
024.62 41
024.63 34
024.64 31
024.65 32
024.66 32
024.67 31
024.68 31
024.69 29
024.70 18
024.71 9
024.72 10
024.73 2
024.80 10
024.81 10
024.82 10
024.83 2
024.90 10
024.91 10
024.92 10
024.93 2
025.10 42
025.11 41
025.12 41
025.13 34
025.14 32
025.15 32
025.16 32
025.17 32
025.18 32
025.19 32
025.20 42
025.21 40
025.22 41
025.23 34
025.24 31
025.25 32
025.26 31
025.27 31
025.28 32
025.29 31
025.30 41
025.31 42
025.32 41
025.33 31
025.34 29
025.35 32
025.36 32
025.37 32
025.38 32
025.39 32
025.40 42
025.41 42
025.42 42
025.43 34
025.44 32
025.45 31
025.46 31
025.47 30
025.48 31
025.49 30
025.50 42
025.51 42
025.52 42
025.53 31
025.54 31
025.55 32
025.56 31
025.57 32
025.58 27
025.59 31
025.60 40
025.61 42
025.62 41
025.63 31
025.64 31
025.65 30
025.66 31
025.67 32
025.68 32
025.69 29
025.70 20
025.71 10
025.72 10
025.73 2
025.80 10
025.81 10
025.82 10
025.83 2
025.90 10
025.91 10
025.92 10
025.93 2
026.10 42
026.11 42
026.12 40
026.13 34
026.14 31
026.15 32
026.16 31
026.17 31
026.18 31
026.19 32
026.20 42
026.21 42
026.22 41
026.23 32
026.24 31
026.25 31
026.26 31
026.27 32
026.28 32
026.29 32
026.30 41
026.31 42
026.32 41
026.33 33
026.34 32
026.35 30
026.36 27
026.37 32
026.38 30
026.39 31
026.40 41
026.41 42
026.42 40
026.43 32
026.44 31
026.45 27
026.46 29
026.47 31
026.48 31
026.49 32
026.50 41
026.51 41
026.52 42
026.53 32
026.54 32
026.55 28
026.56 31
026.57 31
026.58 29
026.59 30
026.60 40
026.61 39
026.62 40
026.63 33
026.64 32
026.65 32
026.66 30
026.67 31
026.68 30
026.69 28
026.70 23
026.71 12
026.72 10
026.73 2
026.80 8
026.81 10
026.82 8
026.83 2
026.90 9
026.91 10
026.92 10
026.93 2
027.10 41
027.11 41
027.12 40
027.13 34
027.14 32
027.15 32
027.16 32
027.17 32
027.18 32
027.19 32
027.20 42
027.21 42
027.22 42
027.23 34
027.24 32
027.25 32
027.26 32
027.27 32
027.28 32
027.29 32
027.30 42
027.31 42
027.32 42
027.33 34
027.34 32
027.35 32
027.36 32
027.37 32
027.38 32
027.39 32
027.40 42
027.41 42
027.42 41
027.43 34
027.44 32
027.45 32
027.46 32
027.47 32
027.48 31
027.49 32
027.50 42
027.51 41
027.52 41
027.53 34
027.54 32
027.55 32
027.56 32
027.57 32
027.58 32
027.59 32
027.60 40
027.61 42
027.62 42
027.63 32
027.64 31
027.65 31
027.66 32
027.67 30
027.68 32
027.69 29
027.70 24
027.71 13
027.72 9
027.73 2
027.80 10
027.81 10
027.82 10
027.83 2
027.90 10
027.91 10
027.92 10
027.93 2
028.10 42
028.11 42
028.12 42
028.13 33
028.14 32
028.15 32
028.16 32
028.17 31
028.18 32
028.19 32
028.20 42
028.21 42
028.22 42
028.23 34
028.24 32
028.25 32
028.26 32
028.27 32
028.28 32
028.29 32
028.30 41
028.31 42
028.32 42
028.33 34
028.34 32
028.35 32
028.36 32
028.37 32
028.38 32
028.39 32
028.40 41
028.41 41
028.42 36
028.43 34
028.44 30
028.45 32
028.46 31
028.47 31
028.48 31
028.49 32
028.50 42
028.51 42
028.52 42
028.53 34
028.54 32
028.55 32
028.56 32
028.57 31
028.58 32
028.59 32
028.60 41
028.61 41
028.62 42
028.63 34
028.64 32
028.65 32
028.66 32
028.67 32
028.68 32
028.69 29
028.70 21
028.71 11
028.72 10
028.73 2
028.80 10
028.81 10
028.82 10
028.83 2
028.90 9
028.91 10
028.92 9
028.93 2
029.10 41
029.11 41
029.12 40
029.13 33
029.14 32
029.15 32
029.16 31
029.17 31
029.18 31
029.19 30
029.20 41
029.21 42
029.22 41
029.23 32
029.24 30
029.25 30
029.26 32
029.27 31
029.28 31
029.29 32
029.30 41
029.31 40
029.32 41
029.33 33
029.34 29
029.35 31
029.36 31
029.37 32
029.38 32
029.39 32
029.40 41
029.41 42
029.42 40
029.43 32
029.44 29
029.45 32
029.46 32
029.47 32
029.48 32
029.49 32
029.50 40
029.51 41
029.52 41
029.53 34
029.54 32
029.55 32
029.56 30
029.57 30
029.58 30
029.59 32
029.60 42
029.61 40
029.62 42
029.63 34
029.64 32
029.65 32
029.66 32
029.67 32
029.68 32
029.69 30
029.70 26
029.71 13
029.72 10
029.73 2
029.80 10
029.81 10
029.82 10
029.83 2
029.90 10
029.91 10
029.92 10
029.93 2
030.10 42
030.11 41
030.12 42
030.13 34
030.14 32
030.15 32
030.16 32
030.17 32
030.18 32
030.19 32
030.20 41
030.21 42
030.22 41
030.23 34
030.24 31
030.25 32
030.26 32
030.27 32
030.28 32
030.29 32
030.30 41
030.31 42
030.32 42
030.33 34
030.34 32
030.35 32
030.36 32
030.37 31
030.38 32
030.39 32
030.40 42
030.41 42
030.42 42
030.43 34
030.44 32
030.45 32
030.46 32
030.47 32
030.48 32
030.49 32
030.50 42
030.51 42
030.52 42
030.53 34
030.54 32
030.55 32
030.56 32
030.57 32
030.58 32
030.59 32
030.60 42
030.61 42
030.62 42
030.63 34
030.64 32
030.65 32
030.66 32
030.67 32
030.68 32
030.69 30
030.70 27
030.71 15
030.72 10
030.73 2
030.80 10
030.81 10
030.82 10
030.83 2
030.90 10
030.91 10
030.92 10
030.93 2
031.10 42
031.11 42
031.12 42
031.13 34
031.14 32
031.15 32
031.16 32
031.17 32
031.18 32
031.19 31
031.20 41
031.21 42
031.22 42
031.23 34
031.24 32
031.25 32
031.26 32
031.27 32
031.28 32
031.29 32
031.30 42
031.31 42
031.32 42
031.33 34
031.34 32
031.35 32
031.36 32
031.37 32
031.38 32
031.39 32
031.40 42
031.41 41
031.42 42
031.43 34
031.44 32
031.45 32
031.46 32
031.47 31
031.48 32
031.49 32
031.50 42
031.51 42
031.52 42
031.53 34
031.54 32
031.55 32
031.56 32
031.57 32
031.58 32
031.59 32
031.60 42
031.61 42
031.62 42
031.63 34
031.64 32
031.65 32
031.66 32
031.67 32
031.68 32
031.69 27
031.70 23
031.71 11
031.72 10
031.73 2
031.80 10
031.81 10
031.82 10
031.83 2
031.90 10
031.91 10
031.92 10
031.93 2
032.10 42
032.11 42
032.12 42
032.13 34
032.14 32
032.15 32
032.16 32
032.17 32
032.18 32
032.19 32
032.20 42
032.21 42
032.22 42
032.23 33
032.24 32
032.25 32
032.26 32
032.27 31
032.28 32
032.29 32
032.30 41
032.31 41
032.32 41
032.33 34
032.34 32
032.35 31
032.36 32
032.37 31
032.38 31
032.39 32
032.40 42
032.41 42
032.42 40
032.43 34
032.44 32
032.45 32
032.46 32
032.47 32
032.48 31
032.49 31
032.50 42
032.51 42
032.52 42
032.53 33
032.54 32
032.55 32
032.56 32
032.57 32
032.58 32
032.59 32
032.60 42
032.61 42
032.62 42
032.63 34
032.64 32
032.65 31
032.66 32
032.67 32
032.68 32
032.69 30
032.70 22
032.71 10
032.72 10
032.73 2
032.80 10
032.81 10
032.82 10
032.83 2
032.90 10
032.91 9
032.92 10
032.93 2
033.10 42
033.11 42
033.12 42
033.13 34
033.14 32
033.15 32
033.16 32
033.17 32
033.18 32
033.19 32
033.20 42
033.21 42
033.22 42
033.23 34
033.24 32
033.25 32
033.26 32
033.27 32
033.28 32
033.29 32
033.30 42
033.31 42
033.32 41
033.33 34
033.34 32
033.35 32
033.36 31
033.37 32
033.38 32
033.39 32
033.40 42
033.41 42
033.42 42
033.43 34
033.44 32
033.45 32
033.46 31
033.47 31
033.48 32
033.49 32
033.50 41
033.51 41
033.52 42
033.53 34
033.54 32
033.55 32
033.56 32
033.57 32
033.58 32
033.59 32
033.60 42
033.61 41
033.62 41
033.63 34
033.64 32
033.65 32
033.66 32
033.67 32
033.68 32
033.69 30
033.70 27
033.71 9
033.72 10
033.73 2
033.80 10
033.81 10
033.82 10
033.83 2
033.90 10
033.91 9
033.92 10
033.93 2
034.10 42
034.11 42
034.12 42
034.13 34
034.14 32
034.15 32
034.16 32
034.17 32
034.18 32
034.19 32
034.20 42
034.21 42
034.22 42
034.23 33
034.24 31
034.25 32
034.26 32
034.27 32
034.28 32
034.29 32
034.30 42
034.31 42
034.32 42
034.33 34
034.34 32
034.35 32
034.36 32
034.37 32
034.38 32
034.39 32
034.40 42
034.41 42
034.42 42
034.43 34
034.44 32
034.45 32
034.46 32
034.47 32
034.48 32
034.49 32
034.50 42
034.51 42
034.52 42
034.53 34
034.54 32
034.55 32
034.56 32
034.57 32
034.58 32
034.59 32
034.60 42
034.61 41
034.62 42
034.63 34
034.64 32
034.65 32
034.66 32
034.67 32
034.68 32
034.69 31
034.70 24
034.71 11
034.72 10
034.73 2
034.80 10
034.81 10
034.82 10
034.83 2
034.90 10
034.91 10
034.92 10
034.93 2
035.10 42
035.11 42
035.12 42
035.13 34
035.14 32
035.15 32
035.16 32
035.17 32
035.18 32
035.19 32
035.20 42
035.21 42
035.22 42
035.23 34
035.24 32
035.25 32
035.26 32
035.27 32
035.28 32
035.29 32
035.30 42
035.31 42
035.32 42
035.33 33
035.34 32
035.35 30
035.36 32
035.37 32
035.38 32
035.39 32
035.40 42
035.41 42
035.42 42
035.43 32
035.44 31
035.45 32
035.46 32
035.47 32
035.48 32
035.49 32
035.50 42
035.51 41
035.52 41
035.53 34
035.54 32
035.55 32
035.56 32
035.57 32
035.58 32
035.59 32
035.60 42
035.61 42
035.62 42
035.63 34
035.64 32
035.65 32
035.66 32
035.67 32
035.68 32
035.69 31
035.70 29
035.71 10
035.72 10
035.73 2
035.80 10
035.81 10
035.82 10
035.83 2
035.90 10
035.91 10
035.92 10
035.93 2
036.10 41
036.11 41
036.12 42
036.13 34
036.14 32
036.15 31
036.16 32
036.17 32
036.18 32
036.19 32
036.20 42
036.21 42
036.22 42
036.23 34
036.24 32
036.25 32
036.26 32
036.27 32
036.28 32
036.29 32
036.30 42
036.31 42
036.32 42
036.33 34
036.34 32
036.35 32
036.36 32
036.37 32
036.38 32
036.39 32
036.40 42
036.41 42
036.42 42
036.43 34
036.44 32
036.45 32
036.46 32
036.47 32
036.48 32
036.49 32
036.50 42
036.51 42
036.52 42
036.53 34
036.54 31
036.55 32
036.56 31
036.57 32
036.58 32
036.59 31
036.60 42
036.61 42
036.62 42
036.63 34
036.64 32
036.65 32
036.66 32
036.67 32
036.68 32
036.69 28
036.70 24
036.71 10
036.72 10
036.73 2
036.80 10
036.81 10
036.82 10
036.83 2
036.90 10
036.91 10
036.92 10
036.93 2
037.10 42
037.11 42
037.12 42
037.13 34
037.14 32
037.15 32
037.16 32
037.17 32
037.18 32
037.19 32
037.20 41
037.21 42
037.22 42
037.23 34
037.24 32
037.25 32
037.26 32
037.27 32
037.28 32
037.29 32
037.30 42
037.31 42
037.32 42
037.33 34
037.34 32
037.35 32
037.36 31
037.37 32
037.38 32
037.39 32
037.40 42
037.41 42
037.42 42
037.43 34
037.44 32
037.45 32
037.46 32
037.47 32
037.48 32
037.49 32
037.50 42
037.51 42
037.52 42
037.53 34
037.54 32
037.55 32
037.56 32
037.57 32
037.58 32
037.59 32
037.60 42
037.61 42
037.62 42
037.63 34
037.64 32
037.65 32
037.66 32
037.67 32
037.68 32
037.69 29
037.70 26
037.71 11
037.72 10
037.73 2
037.80 10
037.81 10
037.82 10
037.83 2
037.90 10
037.91 10
037.92 10
037.93 2
038.10 42
038.11 41
038.12 42
038.13 34
038.14 32
038.15 31
038.16 32
038.17 32
038.18 32
038.19 32
038.20 42
038.21 42
038.22 42
038.23 34
038.24 32
038.25 32
038.26 32
038.27 32
038.28 31
038.29 32
038.30 42
038.31 42
038.32 42
038.33 34
038.34 32
038.35 32
038.36 32
038.37 32
038.38 31
038.39 32
038.40 42
038.41 42
038.42 42
038.43 34
038.44 32
038.45 32
038.46 32
038.47 32
038.48 32
038.49 32
038.50 42
038.51 42
038.52 42
038.53 34
038.54 32
038.55 32
038.56 32
038.57 32
038.58 32
038.59 32
038.60 42
038.61 42
038.62 42
038.63 34
038.64 32
038.65 32
038.66 32
038.67 32
038.68 32
038.69 31
038.70 33
038.71 13
038.72 10
038.73 2
038.80 10
038.81 10
038.82 10
038.83 2
038.90 10
038.91 10
038.92 10
038.93 2
039.10 42
039.11 41
039.12 42
039.13 34
039.14 32
039.15 32
039.16 32
039.17 32
039.18 32
039.19 32
039.20 42
039.21 41
039.22 42
039.23 34
039.24 31
039.25 32
039.26 32
039.27 32
039.28 32
039.29 32
039.30 42
039.31 41
039.32 42
039.33 34
039.34 32
039.35 32
039.36 30
039.37 32
039.38 31
039.39 31
039.40 42
039.41 42
039.42 42
039.43 34
039.44 32
039.45 32
039.46 32
039.47 32
039.48 31
039.49 32
039.50 42
039.51 42
039.52 42
039.53 33
039.54 32
039.55 32
039.56 32
039.57 32
039.58 32
039.59 32
039.60 42
039.61 42
039.62 42
039.63 34
039.64 32
039.65 32
039.66 31
039.67 32
039.68 32
039.69 32
039.70 30
039.71 13
039.72 10
039.73 2
039.80 10
039.81 10
039.82 10
039.83 2
039.90 10
039.91 10
039.92 10
039.93 2
