019.10 42
019.11 42
019.12 42
019.13 34
019.14 31
019.15 32
019.16 32
019.17 32
019.18 32
019.19 32
019.20 41
019.21 41
019.22 41
019.23 34
019.24 32
019.25 32
019.26 32
019.27 31
019.28 32
019.29 32
019.30 41
019.31 41
019.32 42
019.33 34
019.34 31
019.35 32
019.36 32
019.37 32
019.38 32
019.39 32
019.40 42
019.41 42
019.42 42
019.43 34
019.44 32
019.45 32
019.46 32
019.47 32
019.48 31
019.49 16
019.50 11
019.51 10
019.52 10
019.53 2
019.60 10
019.61 7
019.62 10
019.63 2
019.70 10
019.71 10
019.72 10
019.73 2
019.80 10
019.81 10
019.82 10
019.83 2
019.90 10
019.91 10
019.92 10
019.93 2
020.10 42
020.11 42
020.12 42
020.13 34
020.14 32
020.15 32
020.16 32
020.17 32
020.18 32
020.19 32
020.20 42
020.21 42
020.22 42
020.23 34
020.24 32
020.25 32
020.26 32
020.27 32
020.28 32
020.29 32
020.30 42
020.31 42
020.32 42
020.33 34
020.34 32
020.35 32
020.36 32
020.37 32
020.38 32
020.39 32
020.40 42
020.41 42
020.42 42
020.43 34
020.44 32
020.45 32
020.46 32
020.47 32
020.48 32
020.49 22
020.50 11
020.51 10
020.52 10
020.53 2
020.60 10
020.61 10
020.62 10
020.63 2
020.70 10
020.71 10
020.72 10
020.73 2
020.80 10
020.81 10
020.82 10
020.83 2
020.90 10
020.91 10
020.92 10
020.93 2
021.10 42
021.11 42
021.12 42
021.13 34
021.14 32
021.15 32
021.16 32
021.17 32
021.18 32
021.19 32
021.20 42
021.21 42
021.22 42
021.23 34
021.24 32
021.25 32
021.26 32
021.27 32
021.28 32
021.29 32
021.30 42
021.31 42
021.32 38
021.33 28
021.34 27
021.35 29
021.36 28
021.37 29
021.38 28
021.39 31
021.40 42
021.41 42
021.42 42
021.43 34
021.44 32
021.45 31
021.46 32
021.47 32
021.48 32
021.49 15
021.50 12
021.51 10
021.52 10
021.53 2
021.60 10
021.61 10
021.62 8
021.63 2
021.70 10
021.71 10
021.72 10
021.73 2
021.80 10
021.81 10
021.82 9
021.83 2
021.90 9
021.91 10
021.92 9
021.93 2
022.10 42
022.11 42
022.12 40
022.13 33
022.14 31
022.15 31
022.16 32
022.17 32
022.18 32
022.19 32
022.20 42
022.21 42
022.22 42
022.23 34
022.24 32
022.25 32
022.26 32
022.27 32
022.28 32
022.29 32
022.30 42
022.31 42
022.32 42
022.33 34
022.34 32
022.35 32
022.36 32
022.37 32
022.38 32
022.39 32
022.40 42
022.41 41
022.42 41
022.43 33
022.44 31
022.45 32
022.46 32
022.47 32
022.48 32
022.49 15
022.50 10
022.51 10
022.52 9
022.53 2
022.60 10
022.61 10
022.62 10
022.63 2
022.70 10
022.71 10
022.72 10
022.73 2
022.80 10
022.81 10
022.82 10
022.83 2
022.90 10
022.91 10
022.92 10
022.93 2
023.10 42
023.11 42
023.12 42
023.13 34
023.14 32
023.15 32
023.16 32
023.17 30
023.18 32
023.19 32
023.20 41
023.21 42
023.22 42
023.23 34
023.24 32
023.25 32
023.26 32
023.27 32
023.28 31
023.29 32
023.30 42
023.31 42
023.32 42
023.33 33
023.34 30
023.35 32
023.36 32
023.37 32
023.38 32
023.39 31
023.40 42
023.41 42
023.42 42
023.43 34
023.44 32
023.45 32
023.46 32
023.47 32
023.48 31
023.49 19
023.50 13
023.51 10
023.52 10
023.53 2
023.60 10
023.61 10
023.62 10
023.63 2
023.70 10
023.71 10
023.72 10
023.73 2
023.80 10
023.81 10
023.82 10
023.83 2
023.90 10
023.91 10
023.92 10
023.93 2
024.10 41
024.11 42
024.12 42
024.13 33
024.14 30
024.15 32
024.16 32
024.17 32
024.18 32
024.19 30
024.20 40
024.21 41
024.22 41
024.23 34
024.24 32
024.25 32
024.26 32
024.27 32
024.28 32
024.29 31
024.30 42
024.31 42
024.32 41
024.33 34
024.34 32
024.35 32
024.36 30
024.37 32
024.38 32
024.39 32
024.40 42
024.41 42
024.42 42
024.43 34
024.44 32
024.45 31
024.46 32
024.47 32
024.48 31
024.49 19
024.50 13
024.51 10
024.52 10
024.53 2
024.60 10
024.61 10
024.62 10
024.63 2
024.70 10
024.71 10
024.72 10
024.73 2
024.80 10
024.81 10
024.82 10
024.83 2
024.90 10
024.91 10
024.92 10
024.93 2
025.10 42
025.11 42
025.12 41
025.13 34
025.14 32
025.15 32
025.16 31
025.17 32
025.18 32
025.19 32
025.20 42
025.21 42
025.22 42
025.23 34
025.24 31
025.25 32
025.26 32
025.27 32
025.28 32
025.29 32
025.30 42
025.31 42
025.32 42
025.33 34
025.34 32
025.35 32
025.36 31
025.37 32
025.38 32
025.39 31
025.40 42
025.41 42
025.42 42
025.43 34
025.44 32
025.45 32
025.46 32
025.47 32
025.48 31
025.49 18
025.50 10
025.51 9
025.52 10
025.53 2
025.60 10
025.61 10
025.62 10
025.63 2
025.70 10
025.71 9
025.72 10
025.73 2
025.80 10
025.81 10
025.82 10
025.83 2
025.90 10
025.91 10
025.92 10
025.93 2
026.10 42
026.11 42
026.12 41
026.13 34
026.14 32
026.15 31
026.16 32
026.17 32
026.18 32
026.19 32
026.20 41
026.21 42
026.22 42
026.23 34
026.24 32
026.25 32
026.26 32
026.27 32
026.28 32
026.29 31
026.30 42
026.31 42
026.32 41
026.33 33
026.34 32
026.35 32
026.36 32
026.37 32
026.38 31
026.39 30
026.40 42
026.41 42
026.42 42
026.43 34
026.44 32
026.45 32
026.46 32
026.47 32
026.48 32
026.49 18
026.50 12
026.51 9
026.52 10
026.53 2
026.60 10
026.61 10
026.62 10
026.63 2
026.70 10
026.71 10
026.72 10
026.73 2
026.80 10
026.81 10
026.82 10
026.83 2
026.90 10
026.91 10
026.92 10
026.93 2
027.10 42
027.11 42
027.12 42
027.13 34
027.14 32
027.15 32
027.16 32
027.17 31
027.18 32
027.19 32
027.20 42
027.21 42
027.22 42
027.23 34
027.24 32
027.25 32
027.26 32
027.27 31
027.28 32
027.29 32
027.30 41
027.31 41
027.32 42
027.33 34
027.34 31
027.35 32
027.36 31
027.37 31
027.38 31
027.39 32
027.40 42
027.41 42
027.42 42
027.43 34
027.44 32
027.45 32
027.46 32
027.47 32
027.48 30
027.49 15
027.50 13
027.51 10
027.52 10
027.53 2
027.60 10
027.61 10
027.62 10
027.63 2
027.70 10
027.71 10
027.72 10
027.73 2
027.80 10
027.81 10
027.82 10
027.83 2
027.90 10
027.91 10
027.92 10
027.93 2
028.10 42
028.11 42
028.12 42
028.13 34
028.14 31
028.15 32
028.16 32
028.17 32
028.18 31
028.19 32
028.20 40
028.21 42
028.22 42
028.23 34
028.24 32
028.25 32
028.26 31
028.27 32
028.28 32
028.29 32
028.30 42
028.31 42
028.32 42
028.33 34
028.34 32
028.35 31
028.36 32
028.37 32
028.38 32
028.39 32
028.40 42
028.41 41
028.42 42
028.43 34
028.44 32
028.45 32
028.46 32
028.47 32
028.48 31
028.49 21
028.50 11
028.51 10
028.52 10
028.53 2
028.60 10
028.61 10
028.62 10
028.63 2
028.70 10
028.71 9
028.72 10
028.73 2
028.80 10
028.81 10
028.82 10
028.83 2
028.90 10
028.91 10
028.92 9
028.93 2
029.10 42
029.11 42
029.12 42
029.13 34
029.14 32
029.15 32
029.16 32
029.17 32
029.18 32
029.19 31
029.20 41
029.21 42
029.22 41
029.23 34
029.24 32
029.25 32
029.26 32
029.27 31
029.28 32
029.29 32
029.30 42
029.31 42
029.32 41
029.33 32
029.34 28
029.35 31
029.36 28
029.37 25
029.38 28
029.39 32
029.40 42
029.41 41
029.42 42
029.43 34
029.44 32
029.45 31
029.46 32
029.47 32
029.48 32
029.49 23
029.50 12
029.51 10
029.52 10
029.53 2
029.60 10
029.61 9
029.62 10
029.63 2
029.70 10
029.71 9
029.72 10
029.73 2
029.80 10
029.81 10
029.82 10
029.83 2
029.90 10
029.91 10
029.92 10
029.93 2
030.10 42
030.11 40
030.12 41
030.13 34
030.14 30
030.15 31
030.16 32
030.17 32
030.18 32
030.19 31
030.20 40
030.21 41
030.22 41
030.23 33
030.24 32
030.25 32
030.26 31
030.27 32
030.28 32
030.29 31
030.30 40
030.31 41
030.32 41
030.33 34
030.34 31
030.35 31
030.36 32
030.37 30
030.38 31
030.39 31
030.40 42
030.41 42
030.42 41
030.43 34
030.44 31
030.45 32
030.46 30
030.47 32
030.48 30
030.49 16
030.50 10
030.51 10
030.52 10
030.53 2
030.60 10
030.61 10
030.62 9
030.63 2
030.70 9
030.71 10
030.72 10
030.73 2
030.80 10
030.81 10
030.82 10
030.83 2
030.90 10
030.91 10
030.92 10
030.93 2
031.10 42
031.11 41
031.12 39
031.13 33
031.14 31
031.15 32
031.16 31
031.17 32
031.18 32
031.19 32
031.20 42
031.21 42
031.22 42
031.23 34
031.24 32
031.25 31
031.26 31
031.27 32
031.28 32
031.29 32
031.30 41
031.31 41
031.32 42
031.33 34
031.34 31
031.35 32
031.36 32
031.37 32
031.38 32
031.39 32
031.40 42
031.41 42
031.42 40
031.43 34
031.44 32
031.45 30
031.46 31
031.47 32
031.48 32
031.49 19
031.50 10
031.51 10
031.52 10
031.53 2
031.60 10
031.61 10
031.62 10
031.63 2
031.70 10
031.71 10
031.72 10
031.73 2
031.80 9
031.81 10
031.82 10
031.83 2
031.90 10
031.91 10
031.92 10
031.93 2
032.10 42
032.11 42
032.12 41
032.13 33
032.14 29
032.15 32
032.16 32
032.17 28
032.18 32
032.19 32
032.20 41
032.21 42
032.22 41
032.23 33
032.24 32
032.25 32
032.26 32
032.27 31
032.28 32
032.29 30
032.30 42
032.31 41
032.32 42
032.33 34
032.34 32
032.35 32
032.36 32
032.37 32
032.38 32
032.39 31
032.40 42
032.41 41
032.42 39
032.43 33
032.44 31
032.45 31
032.46 32
032.47 30
032.48 32
032.49 20
032.50 10
032.51 10
032.52 10
032.53 2
032.60 10
032.61 10
032.62 10
032.63 2
032.70 10
032.71 10
032.72 10
032.73 2
032.80 10
032.81 10
032.82 10
032.83 2
032.90 10
032.91 10
032.92 10
032.93 2
033.10 42
033.11 42
033.12 42
033.13 34
033.14 32
033.15 32
033.16 31
033.17 31
033.18 32
033.19 32
033.20 42
033.21 42
033.22 40
033.23 32
033.24 32
033.25 32
033.26 31
033.27 32
033.28 32
033.29 32
033.30 42
033.31 41
033.32 42
033.33 34
033.34 31
033.35 32
033.36 32
033.37 32
033.38 32
033.39 32
033.40 42
033.41 42
033.42 42
033.43 34
033.44 32
033.45 32
033.46 32
033.47 32
033.48 32
033.49 16
033.50 10
033.51 10
033.52 10
033.53 2
033.60 10
033.61 10
033.62 10
033.63 2
033.70 10
033.71 10
033.72 10
033.73 2
033.80 10
033.81 10
033.82 10
033.83 2
033.90 10
033.91 10
033.92 10
033.93 2
034.10 41
034.11 41
034.12 41
034.13 34
034.14 31
034.15 30
034.16 32
034.17 30
034.18 32
034.19 32
034.20 42
034.21 41
034.22 41
034.23 34
034.24 31
034.25 31
034.26 32
034.27 32
034.28 32
034.29 32
034.30 41
034.31 42
034.32 42
034.33 32
034.34 31
034.35 32
034.36 32
034.37 32
034.38 32
034.39 32
034.40 42
034.41 42
034.42 41
034.43 33
034.44 31
034.45 30
034.46 32
034.47 32
034.48 32
034.49 18
034.50 10
034.51 10
034.52 10
034.53 2
034.60 10
034.61 10
034.62 9
034.63 1
034.70 10
034.71 9
034.72 10
034.73 2
034.80 10
034.81 10
034.82 10
034.83 2
034.90 10
034.91 10
034.92 10
034.93 1
035.10 42
035.11 41
035.12 41
035.13 34
035.14 32
035.15 32
035.16 32
035.17 32
035.18 31
035.19 32
035.20 42
035.21 41
035.22 42
035.23 34
035.24 32
035.25 32
035.26 32
035.27 31
035.28 32
035.29 31
035.30 42
035.31 42
035.32 42
035.33 34
035.34 32
035.35 32
035.36 32
035.37 32
035.38 32
035.39 32
035.40 42
035.41 42
035.42 42
035.43 34
035.44 32
035.45 31
035.46 31
035.47 32
035.48 32
035.49 22
035.50 12
035.51 10
035.52 10
035.53 2
035.60 10
035.61 10
035.62 10
035.63 2
035.70 10
035.71 10
035.72 10
035.73 2
035.80 10
035.81 10
035.82 10
035.83 2
035.90 10
035.91 10
035.92 10
035.93 1
036.10 42
036.11 41
036.12 41
036.13 34
036.14 32
036.15 32
036.16 32
036.17 32
036.18 32
036.19 31
036.20 40
036.21 41
036.22 42
036.23 34
036.24 32
036.25 32
036.26 32
036.27 31
036.28 32
036.29 32
036.30 42
036.31 42
036.32 42
036.33 34
036.34 32
036.35 32
036.36 32
036.37 32
036.38 32
036.39 31
036.40 42
036.41 42
036.42 42
036.43 34
036.44 32
036.45 32
036.46 32
036.47 32
036.48 32
036.49 23
036.50 12
036.51 9
036.52 10
036.53 2
036.60 10
036.61 9
036.62 10
036.63 2
036.70 10
036.71 10
036.72 10
036.73 2
036.80 10
036.81 10
036.82 10
036.83 2
036.90 10
036.91 10
036.92 10
036.93 2
037.10 41
037.11 41
037.12 41
037.13 34
037.14 32
037.15 32
037.16 32
037.17 31
037.18 32
037.19 32
037.20 42
037.21 42
037.22 42
037.23 33
037.24 32
037.25 31
037.26 32
037.27 31
037.28 32
037.29 32
037.30 42
037.31 42
037.32 41
037.33 34
037.34 32
037.35 32
037.36 32
037.37 32
037.38 30
037.39 32
037.40 42
037.41 42
037.42 42
037.43 34
037.44 32
037.45 32
037.46 32
037.47 32
037.48 32
037.49 25
037.50 10
037.51 10
037.52 10
037.53 2
037.60 10
037.61 10
037.62 10
037.63 2
037.70 10
037.71 10
037.72 10
037.73 2
037.80 10
037.81 10
037.82 10
037.83 2
037.90 10
037.91 10
037.92 10
037.93 1
038.10 41
038.11 42
038.12 42
038.13 34
038.14 32
038.15 32
038.16 31
038.17 32
038.18 32
038.19 32
038.20 42
038.21 42
038.22 42
038.23 34
038.24 32
038.25 32
038.26 32
038.27 32
038.28 32
038.29 32
038.30 42
038.31 42
038.32 42
038.33 34
038.34 32
038.35 32
038.36 32
038.37 32
038.38 32
038.39 32
038.40 42
038.41 42
038.42 42
038.43 34
038.44 32
038.45 32
038.46 32
038.47 32
038.48 31
038.49 18
038.50 10
038.51 10
038.52 10
038.53 2
038.60 10
038.61 10
038.62 10
038.63 2
038.70 10
038.71 10
038.72 10
038.73 2
038.80 10
038.81 10
038.82 10
038.83 2
038.90 10
038.91 10
038.92 10
038.93 2
039.10 42
039.11 42
039.12 42
039.13 34
039.14 32
039.15 32
039.16 32
039.17 32
039.18 32
039.19 32
039.20 41
039.21 42
039.22 42
039.23 33
039.24 32
039.25 32
039.26 32
039.27 32
039.28 32
039.29 32
039.30 42
039.31 42
039.32 42
039.33 34
039.34 32
039.35 32
039.36 32
039.37 32
039.38 32
039.39 32
039.40 41
039.41 42
039.42 40
039.43 34
039.44 32
039.45 32
039.46 32
039.47 32
039.48 32
039.49 24
039.50 12
039.51 10
039.52 10
039.53 2
039.60 10
039.61 10
039.62 9
039.63 2
039.70 10
039.71 10
039.72 10
039.73 2
039.80 10
039.81 10
039.82 10
039.83 2
039.90 10
039.91 10
039.92 10
039.93 2
