019.10 41
019.11 41
019.12 41
019.13 32
019.14 31
019.15 32
019.16 32
019.17 32
019.18 32
019.19 32
019.20 42
019.21 41
019.22 41
019.23 11
019.30 10
019.31 9
019.32 10
019.33 2
019.40 10
019.41 10
019.42 10
019.43 2
019.50 10
019.51 10
019.52 10
019.53 2
019.60 10
019.61 10
019.62 10
019.63 2
019.70 10
019.71 10
019.72 10
019.73 2
019.80 10
019.81 9
019.82 10
019.83 2
019.90 10
019.91 10
019.92 10
019.93 2
020.10 42
020.11 42
020.12 42
020.13 34
020.14 32
020.15 32
020.16 32
020.17 32
020.18 32
020.19 32
020.20 42
020.21 41
020.22 41
020.23 8
020.30 10
020.31 10
020.32 10
020.33 2
020.40 10
020.41 10
020.42 10
020.43 2
020.50 10
020.51 10
020.52 10
020.53 2
020.60 10
020.61 10
020.62 10
020.63 2
020.70 10
020.71 10
020.72 10
020.73 2
020.80 10
020.81 9
020.82 10
020.83 2
020.90 10
020.91 10
020.92 10
020.93 2
021.10 42
021.11 41
021.12 42
021.13 34
021.14 32
021.15 32
021.16 32
021.17 32
021.18 32
021.19 32
021.20 41
021.21 42
021.22 39
021.23 7
021.30 10
021.31 10
021.32 10
021.33 2
021.40 10
021.41 10
021.42 9
021.43 2
021.50 10
021.51 10
021.52 10
021.53 2
021.60 10
021.61 10
021.62 10
021.63 2
021.70 10
021.71 10
021.72 10
021.73 2
021.80 10
021.81 10
021.82 10
021.83 2
021.90 10
021.91 10
021.92 10
021.93 2
022.10 42
022.11 41
022.12 42
022.13 32
022.14 32
022.15 32
022.16 32
022.17 31
022.18 32
022.19 30
022.20 41
022.21 42
022.22 40
022.23 4
022.30 10
022.31 10
022.32 10
022.33 2
022.40 9
022.41 10
022.42 10
022.43 2
022.50 10
022.51 10
022.52 10
022.53 2
022.60 10
022.61 10
022.62 7
022.63 2
022.70 10
022.71 10
022.72 10
022.73 1
022.80 8
022.81 10
022.82 10
022.83 2
022.90 10
022.91 10
022.92 10
022.93 2
023.10 41
023.11 42
023.12 39
023.13 34
023.14 31
023.15 32
023.16 30
023.17 30
023.18 31
023.19 31
023.20 38
023.21 40
023.22 39
023.23 7
023.30 10
023.31 10
023.32 10
023.33 2
023.40 10
023.41 10
023.42 9
023.43 2
023.50 10
023.51 10
023.52 10
023.53 2
023.60 10
023.61 9
023.62 10
023.63 2
023.70 10
023.71 10
023.72 10
023.73 2
023.80 10
023.81 10
023.82 10
023.83 2
023.90 8
023.91 10
023.92 10
023.93 2
024.10 40
024.11 40
024.12 40
024.13 31
024.14 31
024.15 32
024.16 31
024.17 32
024.18 30
024.19 29
024.20 40
024.21 42
024.22 40
024.23 8
024.30 10
024.31 10
024.32 10
024.33 2
024.40 10
024.41 10
024.42 10
024.43 2
024.50 10
024.51 10
024.52 10
024.53 2
024.60 10
024.61 10
024.62 10
024.63 2
024.70 10
024.71 10
024.72 10
024.73 2
024.80 9
024.81 10
024.82 10
024.83 2
024.90 10
024.91 10
024.92 10
024.93 2
025.10 42
025.11 42
025.12 41
025.13 34
025.14 32
025.15 32
025.16 32
025.17 32
025.18 31
025.19 31
025.20 42
025.21 42
025.22 41
025.23 9
025.30 10
025.31 10
025.32 10
025.33 2
025.40 10
025.41 10
025.42 10
025.43 2
025.50 10
025.51 10
025.52 10
025.53 2
025.60 10
025.61 10
025.62 10
025.63 2
025.70 10
025.71 10
025.72 10
025.73 2
025.80 10
025.81 10
025.82 10
025.83 2
025.90 9
025.91 10
025.92 10
025.93 2
026.10 42
026.11 41
026.12 41
026.13 34
026.14 32
026.15 32
026.16 32
026.17 32
026.18 32
026.19 31
026.20 42
026.21 42
026.22 42
026.23 3
026.30 10
026.31 9
026.32 10
026.33 2
026.40 10
026.41 10
026.42 10
026.43 2
026.50 10
026.51 10
026.52 10
026.53 2
026.60 10
026.61 10
026.62 10
026.63 2
026.70 9
026.71 9
026.72 10
026.73 2
026.80 10
026.81 10
026.82 10
026.83 2
026.90 10
026.91 10
026.92 10
026.93 2
027.10 41
027.11 40
027.12 42
027.13 33
027.14 32
027.15 31
027.16 32
027.17 32
027.18 31
027.19 31
027.20 42
027.21 40
027.22 40
027.23 6
027.30 10
027.31 10
027.32 10
027.33 2
027.40 10
027.41 10
027.42 9
027.43 2
027.50 10
027.51 10
027.52 10
027.53 2
027.60 8
027.61 10
027.62 10
027.63 2
027.70 10
027.71 9
027.72 10
027.73 2
027.80 9
027.81 10
027.82 9
027.83 2
027.90 10
027.91 10
027.92 10
027.93 2
028.10 41
028.11 41
028.12 42
028.13 34
028.14 32
028.15 32
028.16 32
028.17 32
028.18 32
028.19 32
028.20 42
028.21 42
028.22 42
028.23 12
028.30 10
028.31 10
028.32 10
028.33 2
028.40 10
028.41 9
028.42 10
028.43 2
028.50 10
028.51 10
028.52 9
028.53 2
028.60 9
028.61 10
028.62 10
028.63 2
028.70 10
028.71 10
028.72 9
028.73 2
028.80 10
028.81 10
028.82 10
028.83 2
028.90 8
028.91 10
028.92 10
028.93 2
029.10 42
029.11 42
029.12 41
029.13 34
029.14 32
029.15 32
029.16 32
029.17 32
029.18 32
029.19 32
029.20 42
029.21 42
029.22 40
029.23 7
029.30 10
029.31 10
029.32 10
029.33 2
029.40 10
029.41 9
029.42 10
029.43 2
029.50 10
029.51 10
029.52 10
029.53 2
029.60 10
029.61 10
029.62 10
029.63 2
029.70 10
029.71 10
029.72 10
029.73 2
029.80 10
029.81 10
029.82 10
029.83 2
029.90 10
029.91 10
029.92 10
029.93 2
030.10 42
030.11 42
030.12 42
030.13 34
030.14 32
030.15 31
030.16 32
030.17 30
030.18 32
030.19 32
030.20 42
030.21 42
030.22 42
030.23 9
030.30 10
030.31 10
030.32 10
030.33 2
030.40 10
030.41 10
030.42 10
030.43 2
030.50 10
030.51 10
030.52 10
030.53 2
030.60 10
030.61 10
030.62 10
030.63 2
030.70 10
030.71 10
030.72 10
030.73 2
030.80 10
030.81 10
030.82 10
030.83 2
030.90 10
030.91 10
030.92 10
030.93 2
031.10 42
031.11 41
031.12 40
031.13 34
031.14 32
031.15 32
031.16 32
031.17 32
031.18 32
031.19 32
031.20 42
031.21 42
031.22 42
031.23 8
031.30 10
031.31 10
031.32 10
031.33 2
031.40 10
031.41 10
031.42 10
031.43 2
031.50 10
031.51 10
031.52 10
031.53 2
031.60 10
031.61 10
031.62 10
031.63 2
031.70 10
031.71 10
031.72 10
031.73 2
031.80 10
031.81 9
031.82 10
031.83 2
031.90 10
031.91 10
031.92 10
031.93 2
032.10 41
032.11 41
032.12 41
032.13 34
032.14 32
032.15 31
032.16 32
032.17 32
032.18 31
032.19 32
032.20 42
032.21 42
032.22 38
032.23 5
032.30 10
032.31 10
032.32 9
032.33 2
032.40 10
032.41 10
032.42 10
032.43 2
032.50 10
032.51 10
032.52 10
032.53 2
032.60 10
032.61 10
032.62 9
032.63 2
032.70 10
032.71 10
032.72 10
032.73 1
032.80 10
032.81 10
032.82 10
032.83 2
032.90 10
032.91 10
032.92 10
032.93 2
033.10 42
033.11 42
033.12 42
033.13 34
033.14 31
033.15 32
033.16 32
033.17 32
033.18 32
033.19 32
033.20 42
033.21 42
033.22 41
033.23 5
033.30 10
033.31 10
033.32 10
033.33 2
033.40 10
033.41 10
033.42 10
033.43 2
033.50 10
033.51 10
033.52 10
033.53 2
033.60 10
033.61 10
033.62 10
033.63 2
033.70 10
033.71 9
033.72 9
033.73 2
033.80 9
033.81 10
033.82 10
033.83 2
033.90 10
033.91 10
033.92 10
033.93 2
034.10 42
034.11 42
034.12 42
034.13 34
034.14 32
034.15 32
034.16 32
034.17 32
034.18 32
034.19 32
034.20 41
034.21 42
034.22 42
034.23 5
034.30 10
034.31 10
034.32 10
034.33 2
034.40 10
034.41 9
034.42 10
034.43 2
034.50 10
034.51 10
034.52 10
034.53 2
034.60 10
034.61 10
034.62 10
034.63 2
034.70 10
034.71 10
034.72 10
034.73 2
034.80 10
034.81 10
034.82 10
034.83 2
034.90 10
034.91 10
034.92 8
034.93 2
035.10 42
035.11 42
035.12 42
035.13 34
035.14 32
035.15 32
035.16 32
035.17 31
035.18 32
035.19 30
035.20 41
035.21 41
035.22 40
035.23 6
035.30 10
035.31 10
035.32 10
035.33 2
035.40 10
035.41 10
035.42 10
035.43 2
035.50 10
035.51 10
035.52 10
035.53 2
035.60 9
035.61 10
035.62 9
035.63 2
035.70 10
035.71 10
035.72 10
035.73 2
035.80 10
035.81 10
035.82 9
035.83 2
035.90 10
035.91 10
035.92 10
035.93 2
036.10 42
036.11 42
036.12 41
036.13 34
036.14 31
036.15 31
036.16 31
036.17 32
036.18 31
036.19 32
036.20 41
036.21 41
036.22 40
036.23 7
036.30 10
036.31 10
036.32 10
036.33 2
036.40 10
036.41 10
036.42 10
036.43 2
036.50 10
036.51 10
036.52 10
036.53 2
036.60 10
036.61 10
036.62 10
036.63 2
036.70 10
036.71 10
036.72 10
036.73 2
036.80 10
036.81 9
036.82 10
036.83 2
036.90 10
036.91 10
036.92 10
036.93 2
037.10 40
037.11 42
037.12 42
037.13 34
037.14 32
037.15 32
037.16 32
037.17 31
037.18 32
037.19 32
037.20 42
037.21 40
037.22 41
037.23 4
037.30 10
037.31 9
037.32 10
037.33 2
037.40 10
037.41 10
037.42 10
037.43 2
037.50 10
037.51 10
037.52 10
037.53 2
037.60 10
037.61 10
037.62 10
037.63 2
037.70 9
037.71 10
037.72 10
037.73 2
037.80 10
037.81 10
037.82 10
037.83 2
037.90 10
037.91 10
037.92 10
037.93 2
038.10 42
038.11 42
038.12 42
038.13 34
038.14 32
038.15 30
038.16 32
038.17 31
038.18 32
038.19 32
038.20 42
038.21 42
038.22 41
038.23 4
038.30 10
038.31 10
038.32 10
038.33 2
038.40 10
038.41 10
038.42 10
038.43 2
038.50 9
038.51 10
038.52 10
038.53 2
038.60 10
038.61 10
038.62 10
038.63 2
038.70 10
038.71 10
038.72 10
038.73 2
038.80 10
038.81 10
038.82 10
038.83 2
038.90 10
038.91 10
038.92 10
038.93 2
039.10 42
039.11 42
039.12 42
039.13 34
039.14 32
039.15 32
039.16 32
039.17 32
039.18 32
039.19 32
039.20 42
039.21 40
039.22 41
039.23 7
039.30 10
039.31 10
039.32 10
039.33 2
039.40 10
039.41 10
039.42 10
039.43 2
039.50 10
039.51 9
039.52 10
039.53 2
039.60 10
039.61 10
039.62 10
039.63 2
039.70 10
039.71 10
039.72 10
039.73 2
039.80 10
039.81 10
039.82 10
039.83 2
039.90 10
039.91 10
039.92 9
039.93 2
