019.10 10
019.11 10
019.12 10
019.13 2
019.20 10
019.21 10
019.22 10
019.23 2
019.30 10
019.31 10
019.32 10
019.33 2
019.40 10
019.41 10
019.42 10
019.43 2
020.10 10
020.11 10
020.12 10
020.13 2
020.20 10
020.21 9
020.22 10
020.23 2
020.30 10
020.31 10
020.32 10
020.33 2
020.40 10
020.41 10
020.42 10
020.43 2
021.10 10
021.11 10
021.12 10
021.13 2
021.20 9
021.21 10
021.22 10
021.23 2
021.30 10
021.31 9
021.32 10
021.33 2
021.40 10
021.41 10
021.42 10
021.43 2
022.10 10
022.11 10
022.12 10
022.13 2
022.20 10
022.21 10
022.22 10
022.23 2
022.30 10
022.31 9
022.32 10
022.33 2
022.40 10
022.41 10
022.42 10
022.43 2
023.10 10
023.11 10
023.12 10
023.13 2
023.20 10
023.21 10
023.22 10
023.23 2
023.30 10
023.31 10
023.32 10
023.33 2
023.40 10
023.41 10
023.42 10
023.43 2
024.10 9
024.11 10
024.12 9
024.13 2
024.20 10
024.21 10
024.22 10
024.23 2
024.30 9
024.31 10
024.32 10
024.33 2
024.40 10
024.41 10
024.42 10
024.43 2
025.10 10
025.11 10
025.12 10
025.13 2
025.20 10
025.21 10
025.22 9
025.23 2
025.30 8
025.31 10
025.32 10
025.33 2
025.40 9
025.41 10
025.42 10
025.43 2
026.10 10
026.11 10
026.12 10
026.13 2
026.20 10
026.21 10
026.22 9
026.23 2
026.30 10
026.31 10
026.32 10
026.33 2
026.40 10
026.41 10
026.42 10
026.43 2
027.10 10
027.11 10
027.12 10
027.13 2
027.20 10
027.21 9
027.22 10
027.23 2
027.30 10
027.31 10
027.32 9
027.33 2
027.40 10
027.41 10
027.42 10
027.43 2
028.10 10
028.11 10
028.12 10
028.13 2
028.20 8
028.21 10
028.22 10
028.23 2
028.30 10
028.31 10
028.32 10
028.33 2
028.40 10
028.41 10
028.42 10
028.43 2
029.10 10
029.11 9
029.12 10
029.13 2
029.20 9
029.21 9
029.22 10
029.23 2
029.30 8
029.31 10
029.32 10
029.33 2
029.40 10
029.41 10
029.42 10
029.43 2
030.10 10
030.11 10
030.12 10
030.13 2
030.20 10
030.21 9
030.22 8
030.23 2
030.30 10
030.31 9
030.32 10
030.33 2
030.40 10
030.41 10
030.42 10
030.43 2
031.10 10
031.11 10
031.12 10
031.13 2
031.30 10
031.31 10
031.32 10
031.33 2
031.40 10
031.41 10
031.42 10
031.43 2
032.10 10
032.11 10
032.12 8
032.13 2
032.20 9
032.21 9
032.22 10
032.23 2
032.30 9
032.31 10
032.32 10
032.33 2
032.40 10
032.41 10
032.42 10
032.43 2
033.10 10
033.11 10
033.12 10
033.13 2
033.20 10
033.21 10
033.22 9
033.23 2
033.30 10
033.31 10
033.32 10
033.33 2
033.40 10
033.41 10
033.42 10
033.43 2
034.10 10
034.11 10
034.12 10
034.13 2
034.20 8
034.21 10
034.22 9
034.23 2
034.30 10
034.31 10
034.32 9
034.33 2
034.40 10
034.41 10
034.42 10
034.43 2
035.10 10
035.11 10
035.12 10
035.13 2
035.20 9
035.21 9
035.22 10
035.23 1
035.30 9
035.31 10
035.32 10
035.33 2
035.40 10
035.41 10
035.42 10
035.43 2
036.20 10
036.21 9
036.22 10
036.23 2
036.30 10
036.31 10
036.32 10
036.33 2
036.40 10
036.41 10
036.42 10
036.43 2
037.10 9
037.11 10
037.12 10
037.13 2
037.20 10
037.21 10
037.22 9
037.23 2
037.30 10
037.31 10
037.32 10
037.33 2
037.40 10
037.41 10
037.42 10
037.43 2
038.20 10
038.21 9
038.22 10
038.23 2
038.30 10
038.31 10
038.32 10
038.33 2
038.40 10
038.41 10
038.42 10
038.43 2
039.10 10
039.11 10
039.12 10
039.13 2
039.20 10
039.21 10
039.22 9
039.23 2
039.30 10
039.31 10
039.32 9
039.33 2
039.40 10
039.41 10
039.42 10
039.43 2
