019.10 20
019.11 10
019.12 10
019.13 10
019.14 10
019.15 10
019.16 10
019.17 10
019.18 10
019.19 10
019.20 20
019.21 10
019.22 10
019.23 10
019.24 10
019.25 10
019.26 10
019.27 10
019.28 10
019.29 10
019.30 20
019.31 10
019.32 10
019.33 10
019.34 10
019.35 10
019.36 10
019.37 10
019.40 10
019.50 10
019.60 10
019.70 10
019.80 10
019.90 10
020.10 20
020.11 10
020.12 10
020.13 10
020.14 10
020.15 10
020.16 10
020.17 10
020.18 10
020.19 10
020.20 20
020.21 10
020.22 10
020.23 10
020.24 10
020.25 10
020.26 10
020.27 10
020.28 10
020.29 10
020.30 20
020.31 10
020.32 10
020.33 10
020.34 10
020.35 10
020.36 10
020.37 10
020.40 10
020.50 10
020.60 10
020.70 10
020.80 10
020.90 10
021.10 20
021.11 10
021.12 10
021.13 10
021.14 10
021.15 10
021.16 10
021.17 10
021.18 10
021.19 10
021.20 20
021.21 10
021.22 10
021.23 10
021.24 9
021.25 10
021.26 10
021.27 10
021.28 10
021.29 10
021.30 20
021.31 10
021.32 10
021.33 10
021.34 10
021.35 10
021.36 10
021.37 10
021.40 10
021.50 10
021.60 10
021.70 10
021.80 10
021.90 10
022.10 20
022.11 10
022.12 10
022.13 10
022.14 10
022.15 10
022.16 10
022.17 10
022.18 10
022.19 10
022.20 20
022.21 10
022.22 10
022.23 10
022.24 10
022.25 10
022.26 10
022.27 10
022.28 10
022.29 10
022.30 20
022.31 10
022.32 10
022.33 10
022.34 10
022.35 10
022.36 10
022.37 10
022.40 10
022.50 10
022.60 10
022.70 10
022.80 10
022.90 10
023.10 20
023.11 10
023.12 10
023.13 10
023.14 10
023.15 10
023.16 10
023.17 10
023.18 10
023.19 10
023.20 20
023.21 10
023.22 10
023.23 10
023.24 10
023.25 10
023.26 10
023.27 10
023.28 10
023.29 10
023.30 20
023.31 10
023.32 10
023.33 10
023.34 10
023.35 10
023.36 10
023.37 9
023.40 10
023.50 10
023.60 10
023.70 10
023.80 10
023.90 10
024.10 20
024.11 10
024.12 10
024.13 10
024.14 10
024.15 10
024.16 10
024.17 10
024.18 10
024.19 10
024.20 20
024.21 10
024.22 10
024.23 10
024.24 10
024.25 10
024.26 10
024.27 10
024.28 10
024.29 10
024.30 20
024.31 10
024.32 10
024.33 10
024.34 10
024.35 10
024.36 10
024.37 10
024.40 10
024.50 10
024.60 10
024.70 10
024.80 10
024.90 10
025.10 20
025.11 10
025.12 10
025.13 10
025.14 10
025.15 10
025.16 10
025.17 10
025.18 10
025.19 10
025.20 20
025.21 10
025.22 10
025.23 10
025.24 10
025.25 10
025.26 10
025.27 10
025.28 10
025.29 10
025.30 20
025.31 10
025.32 10
025.33 10
025.34 10
025.35 10
025.36 10
025.37 10
025.40 10
025.50 10
025.60 10
025.70 10
025.80 10
025.90 10
026.10 20
026.11 10
026.12 10
026.13 10
026.14 10
026.15 10
026.16 10
026.17 10
026.18 10
026.19 10
026.20 20
026.21 10
026.22 10
026.23 10
026.24 10
026.25 10
026.26 10
026.27 10
026.28 10
026.29 10
026.30 20
026.31 10
026.32 10
026.33 10
026.34 10
026.35 10
026.36 10
026.37 10
026.40 10
026.50 10
026.60 10
026.70 10
026.80 10
026.90 10
027.10 20
027.11 10
027.12 10
027.13 10
027.14 10
027.15 10
027.16 10
027.17 10
027.18 10
027.19 10
027.20 20
027.21 10
027.22 10
027.23 10
027.24 10
027.25 10
027.26 10
027.27 10
027.28 10
027.29 10
027.30 20
027.31 10
027.32 10
027.33 10
027.34 10
027.35 10
027.36 10
027.37 9
027.40 10
027.50 10
027.60 10
027.70 10
027.80 10
027.90 10
028.10 20
028.11 10
028.12 10
028.13 10
028.14 10
028.15 10
028.16 10
028.17 10
028.18 10
028.19 10
028.20 20
028.21 10
028.22 10
028.23 10
028.24 10
028.25 10
028.26 10
028.27 10
028.28 10
028.29 10
028.30 20
028.31 10
028.32 10
028.33 10
028.34 10
028.35 10
028.36 10
028.37 9
028.40 10
028.50 10
028.60 10
028.70 10
028.80 10
028.90 10
029.10 20
029.11 10
029.12 10
029.13 10
029.14 10
029.15 10
029.16 10
029.17 10
029.18 10
029.19 10
029.20 20
029.21 10
029.22 10
029.23 10
029.24 10
029.25 10
029.26 10
029.27 10
029.28 10
029.29 10
029.30 20
029.31 10
029.32 10
029.33 10
029.34 10
029.35 10
029.36 10
029.37 10
029.40 10
029.50 10
029.60 10
029.70 10
029.80 10
029.90 10
030.10 20
030.11 10
030.12 10
030.13 10
030.14 10
030.15 10
030.16 10
030.17 10
030.18 10
030.19 10
030.20 20
030.21 10
030.22 10
030.23 10
030.24 10
030.25 10
030.26 10
030.27 10
030.28 10
030.29 10
030.30 20
030.31 10
030.32 10
030.33 10
030.34 10
030.35 10
030.36 10
030.37 10
030.40 10
030.50 10
030.60 10
030.70 10
030.80 10
030.90 10
032.10 20
032.11 10
032.12 10
032.13 10
032.14 10
032.15 10
032.16 10
032.17 10
032.18 10
032.19 10
032.20 20
032.21 10
032.22 10
032.23 10
032.24 10
032.25 10
032.26 10
032.27 10
032.28 10
032.29 10
032.30 20
032.31 10
032.32 10
032.33 10
032.34 10
032.35 10
032.36 10
032.37 9
032.40 10
032.50 10
032.60 10
032.70 10
032.80 10
032.90 10
033.10 20
033.11 10
033.12 10
033.13 10
033.14 10
033.15 10
033.16 10
033.17 10
033.18 10
033.19 10
033.20 20
033.21 10
033.22 10
033.23 10
033.24 10
033.25 10
033.26 10
033.27 10
033.28 10
033.29 10
033.30 20
033.31 10
033.32 10
033.33 10
033.34 10
033.35 10
033.36 10
033.37 10
033.40 10
033.50 10
033.60 10
033.70 10
033.80 10
033.90 10
034.10 20
034.11 10
034.12 10
034.13 10
034.14 10
034.15 10
034.16 10
034.17 10
034.18 10
034.19 10
034.20 20
034.21 10
034.22 10
034.23 10
034.24 10
034.25 10
034.26 10
034.27 10
034.28 10
034.29 10
034.30 20
034.31 10
034.32 10
034.33 10
034.34 10
034.35 10
034.36 10
034.37 9
034.40 10
034.50 10
034.60 10
034.70 10
034.80 10
034.90 10
035.10 20
035.11 10
035.12 10
035.13 10
035.14 10
035.15 10
035.16 10
035.17 10
035.18 10
035.19 10
035.20 20
035.21 10
035.22 10
035.23 10
035.24 10
035.25 10
035.26 10
035.27 10
035.28 10
035.29 10
035.30 20
035.31 10
035.32 10
035.33 10
035.34 10
035.35 10
035.36 10
035.37 10
035.40 10
035.50 10
035.60 10
035.70 10
035.80 10
035.90 10
036.10 20
036.11 10
036.12 10
036.13 10
036.14 10
036.15 10
036.16 10
036.17 10
036.18 10
036.19 10
036.20 20
036.21 10
036.22 10
036.23 10
036.24 10
036.25 10
036.26 10
036.27 10
036.28 10
036.29 10
036.30 20
036.31 10
036.32 10
036.33 10
036.34 10
036.35 10
036.36 10
036.37 10
036.40 10
036.50 10
036.60 10
036.70 10
036.80 10
036.90 10
037.10 20
037.11 10
037.12 10
037.13 10
037.14 10
037.15 10
037.16 10
037.17 10
037.18 10
037.19 10
037.20 20
037.21 10
037.22 10
037.23 10
037.24 10
037.25 10
037.26 10
037.27 10
037.28 10
037.29 10
037.30 20
037.31 10
037.32 10
037.33 10
037.34 10
037.35 10
037.36 10
037.37 10
037.40 10
037.50 10
037.60 10
037.70 10
037.80 10
037.90 10
038.10 20
038.11 10
038.12 10
038.13 10
038.14 10
038.15 10
038.16 10
038.17 10
038.18 10
038.19 10
038.20 20
038.21 10
038.22 10
038.23 10
038.24 10
038.25 10
038.26 10
038.27 10
038.28 10
038.29 10
038.30 20
038.31 10
038.32 10
038.33 10
038.34 10
038.35 10
038.36 10
038.37 9
038.40 10
038.50 10
038.60 10
038.70 10
038.80 10
038.90 10
039.10 20
039.11 10
039.12 10
039.13 10
039.14 10
039.15 10
039.16 10
039.17 10
039.18 10
039.19 10
039.20 20
039.21 10
039.22 10
039.23 10
039.24 10
039.25 10
039.26 10
039.27 10
039.28 10
039.29 10
039.30 20
039.31 10
039.32 10
039.33 10
039.34 10
039.35 10
039.36 10
039.37 10
039.40 10
039.50 10
039.60 10
039.70 10
039.80 10
039.90 10
