019.10 20
019.11 10
019.12 10
019.13 10
019.14 10
019.15 10
019.20 10
019.30 10
019.40 10
019.50 10
019.60 10
019.70 10
019.80 10
019.90 10
020.10 20
020.11 10
020.12 10
020.13 10
020.14 10
020.20 10
020.30 10
020.40 10
020.50 10
020.60 10
020.70 10
020.80 10
020.90 10
021.10 20
021.11 10
021.12 10
021.13 10
021.14 10
021.20 10
021.30 10
021.40 10
021.50 10
021.60 10
021.70 10
021.80 10
021.90 10
022.10 20
022.11 10
022.12 10
022.13 10
022.14 10
022.20 10
022.30 10
022.40 10
022.50 10
022.60 10
022.70 10
022.80 10
022.90 10
023.10 20
023.11 10
023.12 10
023.13 10
023.14 10
023.20 10
023.30 10
023.40 10
023.50 10
023.60 10
023.70 10
023.80 10
023.90 10
024.10 20
024.11 10
024.12 10
024.13 10
024.14 10
024.20 10
024.30 10
024.40 10
024.50 10
024.60 10
024.70 10
024.80 10
024.90 10
025.10 20
025.11 10
025.12 10
025.13 10
025.14 10
025.20 10
025.30 10
025.40 10
025.50 10
025.60 10
025.70 10
025.80 10
025.90 10
026.10 20
026.11 10
026.12 10
026.13 10
026.14 10
026.20 10
026.30 10
026.40 10
026.50 10
026.60 10
026.70 10
026.80 10
026.90 10
027.10 20
027.11 10
027.12 10
027.13 10
027.14 10
027.15 7
027.20 10
027.30 10
027.40 10
027.50 10
027.60 10
027.70 10
027.80 10
027.90 10
028.10 20
028.11 10
028.12 10
028.13 10
028.14 7
028.20 10
028.30 10
028.40 10
028.50 10
028.60 10
028.70 10
028.80 10
028.90 10
029.10 20
029.11 10
029.12 10
029.13 10
029.14 10
029.20 10
029.30 10
029.40 10
029.50 10
029.60 10
029.70 10
029.80 10
029.90 10
030.10 20
030.11 10
030.12 10
030.13 10
030.14 10
030.20 10
030.30 10
030.40 10
030.50 10
030.60 10
030.70 10
030.80 10
030.90 10
032.10 20
032.11 10
032.12 10
032.13 10
032.14 10
032.20 10
032.30 10
032.40 10
032.50 10
032.60 10
032.70 10
032.80 10
032.90 10
033.10 113
033.11 15
033.12 10
033.13 10
033.14 10
033.15 10
033.16 10
033.17 10
033.18 10
033.19 10
033.20 20
033.21 10
033.22 10
033.23 10
033.24 10
033.25 10
033.26 10
033.27 10
033.28 10
033.29 10
033.30 20
033.31 10
033.32 10
033.33 10
033.34 10
033.35 10
033.36 10
033.37 10
033.38 10
033.39 10
033.40 20
033.41 10
033.42 10
033.43 10
033.44 10
033.45 10
033.46 10
033.47 10
033.48 10
033.49 10
033.50 20
033.51 10
033.52 10
033.53 10
033.54 10
033.55 10
033.56 10
033.57 10
033.58 10
033.59 10
033.60 20
033.61 10
033.62 10
033.63 10
033.64 10
033.65 10
033.66 10
033.67 10
033.68 10
033.69 10
033.70 20
033.71 10
033.72 10
033.73 10
033.74 10
033.75 10
033.76 10
033.77 10
033.78 10
033.79 10
033.80 20
033.81 10
033.82 10
033.83 10
033.84 10
033.85 10
033.86 10
033.87 10
033.88 10
033.89 10
033.90 20
033.91 10
033.92 10
033.93 10
033.94 10
033.95 10
033.96 10
033.97 10
033.98 10
033.99 10
034.10 20
034.11 10
034.12 10
034.13 10
034.14 10
034.20 10
034.30 10
034.40 10
034.50 10
034.60 10
034.70 10
034.80 10
034.90 10
035.10 20
035.11 10
035.12 10
035.13 10
035.14 10
035.20 10
035.30 10
035.40 10
035.50 10
035.60 10
035.70 10
035.80 10
035.90 10
036.10 20
036.11 10
036.12 10
036.13 10
036.14 2
036.20 10
036.30 10
036.40 10
036.50 10
036.60 10
036.70 10
036.80 10
036.90 10
037.10 20
037.11 10
037.12 10
037.13 10
037.14 10
037.20 9
037.30 10
037.40 10
037.50 10
037.60 10
037.70 10
037.80 10
037.90 10
038.10 20
038.11 10
038.12 10
038.13 10
038.14 10
038.15 2
038.20 10
038.30 10
038.40 10
038.50 10
038.60 10
038.70 10
038.80 10
038.90 10
039.10 20
039.11 10
039.12 10
039.13 10
039.14 10
039.15 3
039.20 10
039.30 10
039.40 10
039.50 10
039.60 10
039.70 10
039.80 10
039.90 10
