019.10 10
019.20 10
019.30 10
020.10 10
020.20 10
020.30 10
021.10 10
021.20 10
021.30 10
022.10 10
022.20 10
022.30 10
023.10 10
023.20 10
023.30 10
024.10 10
024.20 10
024.30 10
025.10 10
025.20 10
025.30 10
026.10 10
026.20 10
026.30 10
027.10 10
027.20 10
027.30 10
028.10 10
028.20 10
028.30 10
029.10 10
029.20 10
029.30 10
030.10 10
030.20 10
030.30 10
032.10 10
032.20 10
032.30 10
033.10 10
033.20 10
033.30 10
034.10 10
034.20 10
034.30 10
035.10 10
035.20 10
035.30 10
036.10 10
036.20 10
036.30 10
037.10 10
037.20 10
037.30 10
038.10 10
038.20 10
038.30 10
039.10 10
039.20 10
039.30 10
