019.10 10
019.11 10
019.12 10
019.20 10
019.21 10
019.22 10
019.30 10
019.31 10
019.32 10
019.40 10
019.41 10
019.42 10
019.50 10
019.51 10
019.52 10
019.60 10
019.61 10
019.62 10
019.70 10
019.71 10
019.72 10
020.10 10
020.11 10
020.12 10
020.20 9
020.21 10
020.22 10
020.30 10
020.31 10
020.32 10
020.40 10
020.41 10
020.42 10
020.50 10
020.51 10
020.52 10
020.60 10
020.61 10
020.62 10
020.70 10
020.71 10
020.72 10
020.80 1
021.10 10
021.11 10
021.12 10
021.20 10
021.21 10
021.22 10
021.30 10
021.31 10
021.32 10
021.40 10
021.41 10
021.42 10
021.50 10
021.51 10
021.52 10
021.60 10
021.61 10
021.62 10
021.70 10
021.71 10
021.72 10
022.10 10
022.11 10
022.12 10
022.20 10
022.21 10
022.22 10
022.30 10
022.31 10
022.32 10
022.40 10
022.41 10
022.42 10
022.50 10
022.51 10
022.52 10
022.60 10
022.61 10
022.62 10
022.70 10
022.71 10
022.72 10
022.81 1
023.10 10
023.11 10
023.12 10
023.20 10
023.21 10
023.22 10
023.30 10
023.31 10
023.32 10
023.40 10
023.41 10
023.42 10
023.50 10
023.51 10
023.52 10
023.60 10
023.61 10
023.62 10
023.70 10
023.71 10
023.72 10
024.10 10
024.11 10
024.12 10
024.20 10
024.21 10
024.22 10
024.30 10
024.31 10
024.32 10
024.40 10
024.41 10
024.42 10
024.50 10
024.51 10
024.52 10
024.60 10
024.61 10
024.62 10
024.70 10
024.71 10
024.72 10
024.81 1
025.10 10
025.11 10
025.12 10
025.20 10
025.21 10
025.22 10
025.30 10
025.31 10
025.32 10
025.40 10
025.41 10
025.42 10
025.50 10
025.51 10
025.52 10
025.60 10
025.61 10
025.62 10
025.70 10
025.71 10
025.72 10
026.10 10
026.11 10
026.12 10
026.20 10
026.21 10
026.22 10
026.30 10
026.31 10
026.32 10
026.40 10
026.41 10
026.42 10
026.50 10
026.51 10
026.52 10
026.60 10
026.61 10
026.62 10
026.70 10
026.71 10
026.72 10
027.10 10
027.11 10
027.12 10
027.20 10
027.21 10
027.22 10
027.30 10
027.31 10
027.32 10
027.40 10
027.41 10
027.42 10
027.50 10
027.51 10
027.52 10
027.60 10
027.61 10
027.62 10
027.70 10
027.71 10
027.72 10
028.10 10
028.11 10
028.12 10
028.20 10
028.21 10
028.22 10
028.30 10
028.31 10
028.32 10
028.40 10
028.41 10
028.42 10
028.50 10
028.51 10
028.52 10
028.60 10
028.61 10
028.62 10
028.70 10
028.71 10
028.72 10
029.10 10
029.11 10
029.12 10
029.20 10
029.21 10
029.22 10
029.30 10
029.31 10
029.32 10
029.40 10
029.41 10
029.42 10
029.50 10
029.51 10
029.52 10
029.60 10
029.61 10
029.62 10
029.70 10
029.71 10
029.72 10
029.80 1
030.10 10
030.11 10
030.12 10
030.20 10
030.21 10
030.22 10
030.30 10
030.31 10
030.32 10
030.40 10
030.41 10
030.42 10
030.50 10
030.51 10
030.52 10
030.60 10
030.61 10
030.62 10
030.70 10
030.71 10
030.72 10
030.81 2
032.10 10
032.11 10
032.12 10
032.20 10
032.21 10
032.22 10
032.30 10
032.31 10
032.32 10
032.40 10
032.41 10
032.42 10
032.50 10
032.51 10
032.52 10
032.60 10
032.61 10
032.62 10
032.70 10
032.71 10
032.72 10
032.80 1
033.10 10
033.11 10
033.12 10
033.20 10
033.21 10
033.22 10
033.30 10
033.31 10
033.32 10
033.40 10
033.41 10
033.42 10
033.50 10
033.51 10
033.52 10
033.60 10
033.61 10
033.62 10
033.70 10
033.71 10
033.72 9
034.10 10
034.11 10
034.12 10
034.20 10
034.21 10
034.22 10
034.30 10
034.31 10
034.32 10
034.40 10
034.41 10
034.42 10
034.50 10
034.51 10
034.52 10
034.60 10
034.61 10
034.62 10
034.70 10
034.71 10
034.72 10
034.82 1
035.10 10
035.11 10
035.12 10
035.20 10
035.21 10
035.22 10
035.30 10
035.31 10
035.32 10
035.40 10
035.41 10
035.42 10
035.50 10
035.51 10
035.52 10
035.60 10
035.61 10
035.62 10
035.70 10
035.71 10
035.72 10
036.10 10
036.11 10
036.12 10
036.20 10
036.21 10
036.22 10
036.30 10
036.31 10
036.32 10
036.40 10
036.41 10
036.42 10
036.50 10
036.51 10
036.52 10
036.60 10
036.61 10
036.62 10
036.70 10
036.71 9
036.72 10
036.82 2
037.10 10
037.11 10
037.12 10
037.20 10
037.21 10
037.22 10
037.30 10
037.31 10
037.32 10
037.40 10
037.41 10
037.42 10
037.50 10
037.51 10
037.52 10
037.60 10
037.61 10
037.62 10
037.70 10
037.71 10
037.72 10
038.10 10
038.11 10
038.12 10
038.20 10
038.21 10
038.22 10
038.30 10
038.31 10
038.32 10
038.40 10
038.41 10
038.42 10
038.50 10
038.51 10
038.52 10
038.60 10
038.61 10
038.62 10
038.70 10
038.71 10
038.72 10
039.10 10
039.11 10
039.12 10
039.20 10
039.21 10
039.22 10
039.30 10
039.31 10
039.32 10
039.40 10
039.41 10
039.42 10
039.50 10
039.51 10
039.52 10
039.60 10
039.61 10
039.62 10
039.70 10
039.71 10
039.72 10
039.82 1
