019.10 40
019.11 40
019.12 40
019.13 30
019.14 30
019.15 30
019.16 30
019.17 30
019.18 30
019.19 30
019.20 40
019.21 40
019.22 40
019.23 20
019.24 1
019.30 10
019.31 10
019.32 10
019.40 10
019.41 10
019.42 10
019.50 10
019.51 10
019.52 10
019.60 10
019.61 10
019.62 10
019.70 10
019.71 10
019.72 10
019.80 10
019.81 10
019.82 10
019.90 10
019.91 10
019.92 10
020.10 40
020.11 40
020.12 40
020.13 30
020.14 30
020.15 30
020.16 30
020.17 30
020.18 30
020.19 30
020.20 40
020.21 40
020.22 40
020.23 21
020.24 1
020.30 10
020.31 10
020.32 10
020.40 10
020.41 10
020.42 10
020.50 10
020.51 10
020.52 10
020.60 10
020.61 10
020.62 10
020.70 10
020.71 10
020.72 10
020.80 10
020.81 10
020.82 10
020.90 10
020.91 10
020.92 10
021.10 40
021.11 40
021.12 40
021.13 30
021.14 30
021.15 30
021.16 30
021.17 30
021.18 30
021.19 30
021.20 40
021.21 40
021.22 40
021.23 20
021.30 10
021.31 10
021.32 10
021.40 10
021.41 10
021.42 10
021.50 10
021.51 9
021.52 10
021.60 10
021.61 10
021.62 10
021.70 10
021.71 10
021.72 10
021.80 10
021.81 10
021.82 10
021.90 10
021.91 10
021.92 10
022.10 40
022.11 40
022.12 40
022.13 30
022.14 30
022.15 30
022.16 30
022.17 30
022.18 30
022.19 30
022.20 40
022.21 40
022.22 40
022.23 19
022.30 10
022.31 10
022.32 10
022.40 10
022.41 10
022.42 10
022.50 10
022.51 10
022.52 10
022.60 10
022.61 10
022.62 10
022.70 10
022.71 10
022.72 10
022.80 10
022.81 10
022.82 10
022.90 10
022.91 10
022.92 10
023.10 40
023.11 40
023.12 40
023.13 30
023.14 30
023.15 30
023.16 30
023.17 30
023.18 30
023.19 30
023.20 40
023.21 40
023.22 40
023.23 23
023.30 10
023.31 10
023.32 10
023.40 9
023.41 10
023.42 10
023.50 10
023.51 10
023.52 10
023.60 10
023.61 10
023.62 10
023.70 10
023.71 10
023.72 10
023.80 10
023.81 10
023.82 10
023.90 10
023.91 10
023.92 10
024.10 40
024.11 40
024.12 40
024.13 30
024.14 30
024.15 30
024.16 30
024.17 30
024.18 30
024.19 30
024.20 40
024.21 40
024.22 40
024.23 18
024.24 1
024.30 10
024.31 10
024.32 10
024.40 10
024.41 10
024.42 10
024.50 10
024.51 10
024.52 10
024.60 10
024.61 10
024.62 10
024.70 10
024.71 10
024.72 10
024.80 10
024.81 10
024.82 10
024.90 10
024.91 10
024.92 10
025.10 40
025.11 40
025.12 40
025.13 30
025.14 30
025.15 30
025.16 30
025.17 29
025.18 30
025.19 30
025.20 40
025.21 40
025.22 40
025.23 23
025.24 1
025.30 10
025.31 10
025.32 10
025.40 10
025.41 10
025.42 10
025.50 10
025.51 10
025.52 10
025.60 10
025.61 10
025.62 10
025.70 10
025.71 10
025.72 10
025.80 10
025.81 10
025.82 10
025.90 10
025.91 10
025.92 10
026.10 40
026.11 40
026.12 40
026.13 30
026.14 30
026.15 30
026.16 30
026.17 30
026.18 30
026.19 30
026.20 40
026.21 40
026.22 40
026.23 24
026.30 10
026.31 10
026.32 10
026.40 10
026.41 10
026.42 10
026.50 10
026.51 10
026.52 10
026.60 10
026.61 10
026.62 10
026.70 10
026.71 10
026.72 10
026.80 10
026.81 10
026.82 10
026.90 10
026.91 10
026.92 10
027.10 40
027.11 40
027.12 40
027.13 30
027.14 30
027.15 30
027.16 30
027.17 30
027.18 30
027.19 30
027.20 40
027.21 40
027.22 40
027.23 18
027.30 10
027.31 10
027.32 10
027.40 10
027.41 10
027.42 10
027.50 10
027.51 10
027.52 10
027.60 10
027.61 10
027.62 10
027.70 10
027.71 10
027.72 10
027.80 10
027.81 10
027.82 10
027.90 10
027.91 10
027.92 10
028.10 40
028.11 40
028.12 40
028.13 30
028.14 30
028.15 30
028.16 30
028.17 29
028.18 30
028.19 30
028.20 40
028.21 40
028.22 39
028.23 16
028.24 5
028.30 10
028.31 10
028.32 10
028.40 10
028.41 10
028.42 10
028.50 10
028.51 10
028.52 10
028.60 10
028.61 10
028.62 10
028.70 10
028.71 10
028.72 10
028.80 10
028.81 10
028.82 10
028.90 10
028.91 10
028.92 10
029.10 40
029.11 40
029.12 40
029.13 30
029.14 30
029.15 30
029.16 30
029.17 30
029.18 30
029.19 30
029.20 40
029.21 40
029.22 40
029.23 20
029.24 1
029.30 10
029.31 10
029.32 10
029.40 10
029.41 10
029.42 10
029.50 10
029.51 10
029.52 10
029.60 10
029.61 10
029.62 10
029.70 10
029.71 10
029.72 10
029.80 10
029.81 10
029.82 10
029.90 10
029.91 10
029.92 10
030.10 40
030.11 40
030.12 40
030.13 30
030.14 30
030.15 30
030.16 30
030.17 30
030.18 30
030.19 30
030.20 40
030.21 40
030.22 40
030.23 21
030.24 1
030.30 10
030.31 10
030.32 10
030.40 10
030.41 10
030.42 10
030.50 10
030.51 10
030.52 10
030.60 10
030.61 10
030.62 10
030.70 10
030.71 10
030.72 10
030.80 10
030.81 10
030.82 10
030.90 10
030.91 10
030.92 10
032.10 40
032.11 40
032.12 40
032.13 30
032.14 30
032.15 30
032.16 30
032.17 30
032.18 30
032.19 30
032.20 40
032.21 40
032.22 40
032.23 21
032.24 1
032.30 10
032.31 10
032.32 10
032.40 10
032.41 10
032.42 10
032.50 10
032.51 10
032.52 10
032.60 10
032.61 10
032.62 10
032.70 10
032.71 10
032.72 10
032.80 10
032.81 10
032.82 10
032.90 10
032.91 10
032.92 10
033.10 40
033.11 39
033.12 40
033.13 30
033.14 30
033.15 30
033.16 30
033.17 30
033.18 30
033.19 30
033.20 40
033.21 40
033.22 40
033.23 17
033.30 10
033.31 10
033.32 10
033.40 10
033.41 10
033.42 10
033.50 10
033.51 10
033.52 10
033.60 10
033.61 10
033.62 10
033.70 10
033.71 10
033.72 10
033.80 10
033.81 10
033.82 10
033.90 10
033.91 10
033.92 10
034.10 40
034.11 40
034.12 40
034.13 30
034.14 30
034.15 30
034.16 30
034.17 30
034.18 30
034.19 30
034.20 40
034.21 40
034.22 40
034.23 19
034.24 1
034.30 10
034.31 10
034.32 10
034.40 10
034.41 10
034.42 10
034.50 10
034.51 10
034.52 10
034.60 10
034.61 10
034.62 10
034.70 10
034.71 10
034.72 10
034.80 10
034.81 10
034.82 10
034.90 10
034.91 10
034.92 10
035.10 40
035.11 40
035.12 40
035.13 30
035.14 30
035.15 29
035.16 30
035.17 30
035.18 30
035.19 30
035.20 40
035.21 40
035.22 40
035.23 18
035.30 10
035.31 10
035.32 10
035.40 10
035.41 10
035.42 10
035.50 10
035.51 10
035.52 10
035.60 10
035.61 10
035.62 10
035.70 10
035.71 10
035.72 10
035.80 10
035.81 10
035.82 10
035.90 10
035.91 10
035.92 10
036.10 40
036.11 40
036.12 40
036.13 30
036.14 30
036.15 30
036.16 30
036.17 30
036.18 30
036.19 30
036.20 40
036.21 40
036.22 39
036.23 19
036.30 10
036.31 10
036.32 10
036.40 10
036.41 10
036.42 10
036.50 10
036.51 10
036.52 10
036.60 10
036.61 10
036.62 10
036.70 10
036.71 10
036.72 10
036.80 10
036.81 10
036.82 10
036.90 10
036.91 10
036.92 10
037.10 40
037.11 40
037.12 40
037.13 29
037.14 30
037.15 30
037.16 30
037.17 30
037.18 30
037.19 30
037.20 40
037.21 40
037.22 40
037.23 17
037.30 10
037.31 10
037.32 10
037.40 10
037.41 10
037.42 10
037.50 10
037.51 10
037.52 10
037.60 10
037.61 10
037.62 10
037.70 10
037.71 10
037.72 10
037.80 10
037.81 10
037.82 10
037.90 10
037.91 10
037.92 10
038.10 40
038.11 40
038.12 40
038.13 30
038.14 30
038.15 30
038.16 30
038.17 30
038.18 30
038.19 30
038.20 40
038.21 40
038.22 37
038.23 21
038.24 4
038.30 10
038.31 10
038.32 10
038.40 10
038.41 10
038.42 10
038.50 10
038.51 10
038.52 10
038.60 10
038.61 10
038.62 10
038.70 10
038.71 10
038.72 10
038.80 10
038.81 10
038.82 10
038.90 10
038.91 10
038.92 10
039.10 40
039.11 40
039.12 40
039.13 30
039.14 30
039.15 30
039.16 30
039.17 30
039.18 30
039.19 30
039.20 40
039.21 40
039.22 40
039.23 23
039.30 10
039.31 10
039.32 10
039.40 10
039.41 10
039.42 10
039.50 10
039.51 10
039.52 10
039.60 10
039.61 10
039.62 10
039.70 10
039.71 10
039.72 10
039.80 10
039.81 10
039.82 10
039.90 10
039.91 10
039.92 10
