019.10 10
019.11 10
019.12 10
019.20 10
019.21 10
019.22 10
020.10 10
020.11 10
020.12 10
020.20 10
020.21 10
020.22 10
021.10 10
021.11 10
021.12 10
021.20 10
021.21 10
021.22 10
022.10 10
022.11 10
022.12 10
022.20 10
022.21 9
022.22 10
023.10 10
023.11 10
023.12 10
023.20 9
023.21 9
023.22 10
024.10 10
024.11 10
024.12 10
024.20 9
024.21 10
024.22 10
025.10 10
025.11 10
025.12 10
025.20 10
025.21 10
025.22 10
026.10 10
026.11 10
026.12 10
026.20 10
026.21 10
026.22 10
027.10 10
027.11 10
027.12 10
027.20 10
027.21 10
027.22 10
028.10 10
028.11 10
028.12 10
028.20 10
028.21 9
028.22 10
029.10 10
029.11 10
029.12 10
029.20 10
029.21 10
029.22 10
030.10 10
030.11 10
030.12 10
030.20 10
030.21 10
030.22 10
032.10 10
032.11 10
032.12 10
032.20 10
032.21 10
032.22 9
033.10 10
033.11 10
033.12 10
033.20 10
033.21 10
033.22 10
034.10 10
034.11 10
034.12 10
034.20 10
034.21 10
034.22 10
035.10 10
035.11 10
035.12 10
035.20 9
035.21 10
035.22 10
036.10 10
036.11 10
036.12 10
036.20 10
036.21 10
036.22 10
037.10 10
037.11 10
037.12 10
037.20 10
037.21 10
037.22 10
038.10 10
038.11 10
038.12 10
038.20 10
038.21 9
038.22 9
039.10 10
039.11 10
039.12 10
039.20 9
039.21 9
039.22 10
