019.10 20
019.11 10
019.12 2
019.20 10
019.30 10
019.40 10
019.50 10
019.60 10
019.70 10
019.80 10
019.90 10
020.10 20
020.11 10
020.12 3
020.20 10
020.30 10
020.40 10
020.50 10
020.60 10
020.70 10
020.80 10
020.90 10
021.10 20
021.11 10
021.12 7
021.20 10
021.30 10
021.40 10
021.50 10
021.60 10
021.70 10
021.80 10
021.90 10
022.10 20
022.11 10
022.12 2
022.20 10
022.30 10
022.40 10
022.50 10
022.60 10
022.70 10
022.80 10
022.90 10
023.10 20
023.11 10
023.12 3
023.20 10
023.30 10
023.40 10
023.50 10
023.60 10
023.70 10
023.80 10
023.90 10
024.10 20
024.11 10
024.12 4
024.20 10
024.30 10
024.40 10
024.50 10
024.60 10
024.70 10
024.80 10
024.90 10
025.10 20
025.11 10
025.12 8
025.20 10
025.30 10
025.40 10
025.50 10
025.60 10
025.70 10
025.80 10
025.90 10
026.10 20
026.11 10
026.12 7
026.20 10
026.30 10
026.40 10
026.50 10
026.60 10
026.70 9
026.80 10
026.90 10
027.10 20
027.11 10
027.12 5
027.20 10
027.30 10
027.40 10
027.50 10
027.60 10
027.70 10
027.80 10
027.90 10
028.10 20
028.11 10
028.12 5
028.20 10
028.30 10
028.40 10
028.50 10
028.60 10
028.70 10
028.80 10
028.90 10
029.10 20
029.11 10
029.12 7
029.20 10
029.30 10
029.40 10
029.50 10
029.60 10
029.70 10
029.80 10
029.90 10
030.10 20
030.11 10
030.12 9
030.20 10
030.30 10
030.40 10
030.50 10
030.60 10
030.70 10
030.80 10
030.90 10
032.10 20
032.11 10
032.12 10
032.20 10
032.30 10
032.40 10
032.50 10
032.60 10
032.70 10
032.80 10
032.90 10
033.10 20
033.11 10
033.12 6
033.20 10
033.30 10
033.40 10
033.50 10
033.60 10
033.70 10
033.80 10
033.90 10
034.10 20
034.11 10
034.12 3
034.20 10
034.30 10
034.40 10
034.50 10
034.60 10
034.70 10
034.80 10
034.90 10
035.10 20
035.11 10
035.12 5
035.20 10
035.30 10
035.40 10
035.50 10
035.60 10
035.70 10
035.80 10
035.90 10
036.10 20
036.11 10
036.12 2
036.20 10
036.30 10
036.40 10
036.50 10
036.60 10
036.70 10
036.80 10
036.90 10
037.10 20
037.11 10
037.20 10
037.30 10
037.40 10
037.50 10
037.60 10
037.70 10
037.80 10
037.90 10
038.10 20
038.11 10
038.12 4
038.20 10
038.30 10
038.40 10
038.50 10
038.60 10
038.70 10
038.80 10
038.90 10
039.10 20
039.11 10
039.12 8
039.20 10
039.30 10
039.40 10
039.50 10
039.60 10
039.70 10
039.80 10
039.90 10
