019.10 10
019.20 10
019.30 10
019.40 10
019.50 10
019.60 10
019.70 10
020.10 10
020.20 10
020.30 10
020.40 10
020.50 10
020.60 10
020.70 10
021.10 10
021.20 10
021.30 10
021.40 10
021.50 10
021.60 10
021.70 10
022.10 10
022.20 10
022.30 10
022.40 10
022.50 10
022.60 10
022.70 10
023.10 10
023.20 10
023.30 10
023.40 10
023.50 10
023.60 10
023.70 9
024.10 10
024.20 10
024.30 10
024.40 10
024.50 10
024.60 10
024.70 10
025.10 10
025.20 10
025.30 10
025.40 10
025.50 10
025.60 10
025.70 10
025.80 1
026.10 10
026.20 10
026.30 10
026.40 10
026.50 10
026.60 10
026.70 10
027.10 10
027.20 10
027.30 10
027.40 10
027.50 10
027.60 10
027.70 8
028.10 10
028.20 10
028.30 10
028.40 10
028.50 10
028.60 10
028.70 10
029.10 10
029.20 10
029.30 10
029.40 10
029.50 10
029.60 9
029.70 10
030.10 10
030.20 10
030.30 10
030.40 10
030.50 10
030.60 10
030.70 10
030.80 2
032.10 10
032.20 10
032.30 10
032.40 10
032.50 10
032.60 9
032.70 10
033.10 10
033.20 10
033.30 10
033.40 10
033.50 10
033.60 10
033.70 8
034.10 10
034.20 10
034.30 10
034.40 10
034.50 10
034.60 10
034.70 10
035.10 10
035.20 10
035.30 10
035.40 10
035.50 10
035.60 10
035.70 10
036.10 10
036.20 10
036.30 10
036.40 10
036.50 10
036.60 10
036.70 10
037.10 10
037.20 10
037.30 10
037.40 10
037.50 10
037.60 10
037.70 10
038.10 10
038.20 9
038.30 10
038.40 10
038.50 10
038.60 10
038.70 9
039.10 10
039.20 10
039.30 10
039.40 10
039.50 10
039.60 10
039.70 9
