019.10 45
019.11 45
019.12 45
019.13 40
019.14 33
019.15 2
019.20 9
019.21 10
019.22 10
019.23 5
019.30 10
019.31 10
019.32 10
019.33 5
019.40 10
019.41 10
019.42 10
019.43 5
019.50 10
019.51 10
019.52 10
019.53 5
019.60 10
019.61 10
019.62 10
019.63 5
019.70 10
019.71 10
019.72 10
019.73 5
019.80 10
019.81 10
019.82 10
019.83 5
019.90 10
019.91 10
019.92 10
019.93 5
020.10 45
020.11 45
020.12 45
020.13 40
020.14 30
020.15 2
020.20 10
020.21 10
020.22 10
020.23 5
020.30 10
020.31 10
020.32 10
020.33 5
020.40 10
020.41 10
020.42 10
020.43 5
020.50 10
020.51 10
020.52 10
020.53 5
020.60 10
020.61 10
020.62 10
020.63 5
020.70 10
020.71 10
020.72 10
020.73 5
020.80 10
020.81 10
020.82 10
020.83 5
020.90 10
020.91 10
020.92 10
020.93 5
021.10 45
021.11 45
021.12 45
021.13 40
021.14 32
021.15 1
021.20 10
021.21 10
021.22 10
021.23 4
021.30 10
021.31 10
021.32 10
021.33 5
021.40 10
021.41 10
021.42 10
021.43 5
021.50 10
021.51 10
021.52 10
021.53 5
021.60 10
021.61 10
021.62 10
021.63 5
021.70 10
021.71 10
021.72 10
021.73 5
021.80 10
021.81 10
021.82 10
021.83 5
021.90 10
021.91 10
021.92 10
021.93 5
022.10 45
022.11 45
022.12 45
022.13 40
022.14 35
022.20 10
022.21 10
022.22 10
022.23 5
022.30 10
022.31 10
022.32 10
022.33 5
022.40 10
022.41 10
022.42 10
022.43 5
022.50 10
022.51 10
022.52 10
022.53 5
022.60 10
022.61 10
022.62 10
022.63 5
022.70 10
022.71 10
022.72 10
022.73 5
022.80 10
022.81 10
022.82 10
022.83 5
022.90 10
022.91 10
022.92 10
022.93 5
023.10 44
023.11 45
023.12 45
023.13 40
023.14 33
023.15 2
023.20 10
023.21 10
023.22 10
023.23 5
023.30 10
023.31 10
023.32 10
023.33 5
023.40 10
023.41 10
023.42 10
023.43 5
023.50 10
023.51 10
023.52 10
023.53 5
023.60 10
023.61 10
023.62 10
023.63 5
023.70 10
023.71 10
023.72 10
023.73 5
023.80 10
023.81 10
023.82 10
023.83 5
023.90 10
023.91 10
023.92 10
023.93 5
024.10 45
024.11 45
024.12 45
024.13 40
024.14 35
024.20 10
024.21 10
024.22 10
024.23 5
024.30 10
024.31 10
024.32 10
024.33 5
024.40 10
024.41 10
024.42 10
024.43 5
024.50 10
024.51 10
024.52 10
024.53 5
024.60 10
024.61 10
024.62 10
024.63 5
024.70 10
024.71 10
024.72 10
024.73 5
024.80 10
024.81 10
024.82 10
024.83 5
024.90 10
024.91 10
024.92 10
024.93 5
025.10 45
025.11 45
025.12 45
025.13 40
025.14 32
025.15 2
025.20 10
025.21 10
025.22 10
025.23 5
025.30 10
025.31 10
025.32 10
025.33 5
025.40 10
025.41 10
025.42 10
025.43 5
025.50 10
025.51 10
025.52 10
025.53 5
025.60 10
025.61 10
025.62 10
025.63 5
025.70 10
025.71 10
025.72 10
025.73 5
025.80 10
025.81 10
025.82 10
025.83 5
025.90 10
025.91 10
025.92 10
025.93 5
026.10 45
026.11 45
026.12 45
026.13 40
026.14 35
026.15 3
026.20 10
026.21 10
026.22 10
026.23 5
026.30 10
026.31 10
026.32 10
026.33 5
026.40 10
026.41 10
026.42 10
026.43 5
026.50 10
026.51 10
026.52 10
026.53 5
026.60 10
026.61 10
026.62 10
026.63 5
026.70 10
026.71 10
026.72 10
026.73 5
026.80 10
026.81 10
026.82 10
026.83 5
026.90 10
026.91 10
026.92 10
026.93 5
027.10 45
027.11 45
027.12 45
027.13 40
027.14 33
027.15 5
027.20 10
027.21 10
027.22 10
027.23 5
027.30 10
027.31 10
027.32 10
027.33 5
027.40 10
027.41 10
027.42 10
027.43 5
027.50 10
027.51 10
027.52 10
027.53 5
027.60 10
027.61 10
027.62 10
027.63 5
027.70 10
027.71 10
027.72 10
027.73 5
027.80 10
027.81 10
027.82 10
027.83 5
027.90 10
027.91 10
027.92 9
027.93 5
028.10 45
028.11 45
028.12 45
028.13 40
028.14 33
028.15 4
028.20 10
028.21 10
028.22 10
028.23 5
028.30 10
028.31 10
028.32 10
028.33 5
028.40 10
028.41 10
028.42 10
028.43 5
028.50 10
028.51 10
028.52 10
028.53 5
028.60 10
028.61 10
028.62 10
028.63 5
028.70 10
028.71 10
028.72 10
028.73 5
028.80 10
028.81 10
028.82 10
028.83 5
028.90 10
028.91 10
028.92 10
028.93 5
029.10 45
029.11 45
029.12 45
029.13 40
029.14 33
029.15 2
029.20 10
029.21 10
029.22 10
029.23 5
029.30 10
029.31 10
029.32 10
029.33 5
029.40 10
029.41 10
029.42 10
029.43 5
029.50 10
029.51 10
029.52 10
029.53 5
029.60 10
029.61 10
029.62 10
029.63 5
029.70 10
029.71 10
029.72 10
029.73 5
029.80 9
029.81 10
029.82 10
029.83 5
029.90 10
029.91 10
029.92 10
029.93 5
030.10 45
030.11 45
030.12 45
030.13 40
030.14 33
030.15 1
030.20 10
030.21 10
030.22 10
030.23 5
030.30 10
030.31 10
030.32 10
030.33 5
030.40 10
030.41 10
030.42 10
030.43 5
030.50 10
030.51 10
030.52 10
030.53 5
030.60 10
030.61 10
030.62 10
030.63 5
030.70 10
030.71 10
030.72 10
030.73 5
030.80 10
030.81 10
030.82 10
030.83 5
030.90 10
030.91 10
030.92 10
030.93 5
032.10 45
032.11 45
032.12 45
032.13 40
032.14 32
032.15 2
032.20 10
032.21 10
032.22 10
032.23 5
032.30 10
032.31 10
032.32 10
032.33 5
032.40 10
032.41 10
032.42 10
032.43 5
032.50 10
032.51 10
032.52 10
032.53 5
032.60 10
032.61 10
032.62 10
032.63 4
032.70 10
032.71 10
032.72 10
032.73 5
032.80 10
032.81 10
032.82 10
032.83 5
032.90 10
032.91 10
032.92 10
032.93 5
033.10 45
033.11 45
033.12 45
033.13 40
033.14 35
033.20 10
033.21 10
033.22 10
033.23 5
033.30 10
033.31 10
033.32 10
033.33 5
033.40 10
033.41 10
033.42 10
033.43 5
033.50 10
033.51 10
033.52 10
033.53 5
033.60 10
033.61 10
033.62 10
033.63 5
033.70 10
033.71 10
033.72 10
033.73 5
033.80 10
033.81 10
033.82 10
033.83 5
033.90 10
033.91 10
033.92 10
033.93 5
034.10 45
034.11 45
034.12 45
034.13 40
034.14 33
034.15 2
034.20 10
034.21 10
034.22 10
034.23 5
034.30 10
034.31 10
034.32 10
034.33 5
034.40 10
034.41 10
034.42 9
034.43 5
034.50 10
034.51 7
034.52 9
034.53 5
034.60 10
034.61 10
034.62 10
034.63 5
034.70 10
034.71 10
034.72 10
034.73 5
034.80 10
034.81 10
034.82 10
034.83 5
034.90 10
034.91 10
034.92 10
034.93 5
035.10 45
035.11 44
035.12 45
035.13 40
035.14 32
035.20 10
035.21 10
035.22 10
035.23 5
035.30 10
035.31 10
035.32 10
035.33 2
035.40 8
035.41 9
035.42 9
035.43 4
035.50 10
035.51 10
035.52 10
035.53 5
035.60 6
035.61 8
035.62 10
035.63 5
035.70 8
035.71 10
035.72 10
035.73 4
035.80 10
035.81 10
035.82 10
035.83 5
035.90 7
035.91 9
035.92 9
035.93 5
036.10 45
036.11 41
036.12 45
036.13 40
036.14 33
036.15 5
036.20 10
036.21 10
036.22 10
036.23 4
036.30 10
036.31 10
036.32 10
036.33 5
036.40 9
036.41 10
036.42 10
036.43 5
036.50 10
036.51 10
036.52 10
036.53 5
036.60 9
036.61 10
036.62 9
036.63 5
036.70 10
036.71 10
036.72 10
036.73 5
036.80 10
036.81 10
036.82 10
036.83 5
036.90 10
036.91 10
036.92 10
036.93 5
037.10 44
037.11 45
037.12 45
037.13 40
037.14 33
037.15 1
037.20 10
037.21 9
037.22 10
037.23 5
037.30 10
037.31 8
037.32 7
037.33 2
037.40 10
037.41 10
037.42 10
037.43 5
037.50 10
037.51 10
037.52 9
037.53 5
037.60 8
037.61 9
037.62 8
037.63 5
037.70 9
037.71 10
037.72 10
037.73 5
037.80 8
037.81 10
037.82 10
037.83 5
037.90 10
037.91 10
037.92 10
037.93 5
038.10 45
038.11 45
038.12 44
038.13 40
038.14 35
038.15 2
038.20 10
038.21 10
038.22 10
038.23 5
038.30 10
038.31 10
038.32 10
038.33 5
038.40 9
038.41 9
038.42 9
038.43 5
038.50 10
038.51 10
038.52 9
038.53 5
038.60 10
038.61 10
038.62 10
038.63 5
038.70 10
038.71 10
038.72 10
038.73 5
038.80 10
038.81 10
038.82 10
038.83 5
038.90 10
038.91 10
038.92 10
038.93 5
039.10 38
039.11 44
039.12 44
039.13 40
039.14 33
039.15 3
039.20 10
039.21 10
039.22 10
039.23 5
039.30 10
039.31 10
039.32 10
039.33 5
039.40 10
039.41 10
039.42 10
039.43 5
039.50 10
039.51 10
039.52 10
039.53 5
039.60 10
039.61 10
039.62 10
039.63 5
039.70 10
039.71 10
039.72 10
039.73 5
039.80 10
039.81 10
039.82 10
039.83 5
039.90 10
039.91 10
039.92 10
039.93 5
