019.10 30
019.11 30
019.12 20
019.13 5
019.20 10
019.21 9
019.30 10
019.31 10
019.40 10
019.41 10
019.50 10
019.51 10
019.60 10
019.61 10
019.70 10
019.71 10
019.80 10
019.81 10
019.90 10
019.91 10
020.10 30
020.11 30
020.12 17
020.13 3
020.20 10
020.21 10
020.30 10
020.31 10
020.40 10
020.41 10
020.50 10
020.51 10
020.60 10
020.61 10
020.70 10
020.71 10
020.80 10
020.81 10
020.90 10
020.91 10
021.10 30
021.11 30
021.12 17
021.13 6
021.20 10
021.21 10
021.30 10
021.31 10
021.40 10
021.41 10
021.50 10
021.51 10
021.60 10
021.61 10
021.70 10
021.71 10
021.80 10
021.81 10
021.90 10
021.91 10
022.10 30
022.11 30
022.12 20
022.13 6
022.20 10
022.21 10
022.30 10
022.31 10
022.40 10
022.41 10
022.50 10
022.51 10
022.60 10
022.61 10
022.70 10
022.71 10
022.80 10
022.81 10
022.90 10
022.91 10
023.10 30
023.11 30
023.12 18
023.13 7
023.20 10
023.21 10
023.30 10
023.31 10
023.40 10
023.41 10
023.50 10
023.51 10
023.60 10
023.61 10
023.70 10
023.71 10
023.80 10
023.81 10
023.90 10
023.91 10
024.10 30
024.11 30
024.12 19
024.13 4
024.20 10
024.21 10
024.30 10
024.31 10
024.40 10
024.41 10
024.50 10
024.51 10
024.60 10
024.61 10
024.70 10
024.71 10
024.80 10
024.81 10
024.90 10
024.91 10
025.10 30
025.11 30
025.12 20
025.13 9
025.20 10
025.21 10
025.30 10
025.31 10
025.40 10
025.41 10
025.50 10
025.51 10
025.60 10
025.61 10
025.70 9
025.71 10
025.80 10
025.81 10
025.90 10
025.91 10
026.10 30
026.11 30
026.12 20
026.13 4
026.20 10
026.21 10
026.30 10
026.31 10
026.40 10
026.41 10
026.50 10
026.51 10
026.60 10
026.61 10
026.70 10
026.71 10
026.80 10
026.81 10
026.90 10
026.91 10
027.10 30
027.11 30
027.12 19
027.13 2
027.20 10
027.21 10
027.30 10
027.31 10
027.40 10
027.41 10
027.50 10
027.51 10
027.60 10
027.61 10
027.70 10
027.71 10
027.80 10
027.81 10
027.90 10
027.91 10
028.10 30
028.11 30
028.12 14
028.20 10
028.21 10
028.30 10
028.31 10
028.40 10
028.41 10
028.50 10
028.51 10
028.60 10
028.61 10
028.70 10
028.71 10
028.80 10
028.81 10
028.90 10
028.91 10
029.10 30
029.11 30
029.12 20
029.13 8
029.20 10
029.21 10
029.30 10
029.31 10
029.40 10
029.41 10
029.50 10
029.51 10
029.60 10
029.61 10
029.70 10
029.71 10
029.80 10
029.81 10
029.90 10
029.91 10
030.10 30
030.11 30
030.12 20
030.13 3
030.20 10
030.21 10
030.30 10
030.31 10
030.40 10
030.41 10
030.50 10
030.51 10
030.60 10
030.61 10
030.70 10
030.71 10
030.80 10
030.81 10
030.90 10
030.91 10
032.10 30
032.11 30
032.12 20
032.13 2
032.20 10
032.21 10
032.30 10
032.31 10
032.40 10
032.41 10
032.50 10
032.51 10
032.60 10
032.61 10
032.70 10
032.71 10
032.80 10
032.81 10
032.90 10
032.91 10
033.10 30
033.11 30
033.12 20
033.13 20
033.14 20
033.15 20
033.16 20
033.17 20
033.18 20
033.19 20
033.20 30
033.21 30
033.22 20
033.23 19
033.24 19
033.25 19
033.26 16
033.27 13
033.28 13
033.29 12
033.30 22
033.31 20
033.32 6
033.33 1
033.40 10
033.41 10
033.50 10
033.51 10
033.60 10
033.61 10
033.70 10
033.71 10
033.80 10
033.81 10
033.90 10
033.91 10
034.10 30
034.11 30
034.12 20
034.13 6
034.20 10
034.21 10
034.30 10
034.31 10
034.40 10
034.41 10
034.50 10
034.51 10
034.60 10
034.61 10
034.70 10
034.71 10
034.80 10
034.81 10
034.90 10
034.91 10
035.10 30
035.11 30
035.12 19
035.13 3
035.20 10
035.21 9
035.30 10
035.31 10
035.40 10
035.41 10
035.50 10
035.51 10
035.60 10
035.61 10
035.70 10
035.71 10
035.80 10
035.81 10
035.90 10
035.91 10
036.10 30
036.11 30
036.12 14
036.20 10
036.21 10
036.30 10
036.31 10
036.40 10
036.41 10
036.50 10
036.51 10
036.60 10
036.61 10
036.70 10
036.71 10
036.80 10
036.81 10
036.90 10
036.91 10
037.10 30
037.11 30
037.12 20
037.13 3
037.20 10
037.21 10
037.30 10
037.31 10
037.40 10
037.41 10
037.50 10
037.51 10
037.60 10
037.61 10
037.70 10
037.71 10
037.80 10
037.81 10
037.90 10
037.91 10
038.10 30
038.11 30
038.12 20
038.13 7
038.20 10
038.21 10
038.30 10
038.31 10
038.40 10
038.41 10
038.50 10
038.51 10
038.60 10
038.61 10
038.70 10
038.71 10
038.80 10
038.81 10
038.90 10
038.91 10
039.10 30
039.11 28
039.12 2
039.20 10
039.21 10
039.30 10
039.31 10
039.40 10
039.41 10
039.50 10
039.51 10
039.60 10
039.61 10
039.70 10
039.71 10
039.80 10
039.81 10
039.90 10
039.91 10
