019.10 10
019.11 10
019.12 5
019.20 10
019.21 10
019.22 5
019.30 10
019.31 10
019.32 5
020.10 10
020.11 10
020.12 5
020.20 10
020.21 10
020.22 5
020.30 10
020.31 10
020.32 5
021.10 10
021.11 10
021.12 5
021.20 10
021.21 10
021.22 5
021.30 10
021.31 10
021.32 5
022.10 10
022.11 10
022.12 5
022.20 10
022.21 10
022.22 5
022.30 10
022.31 10
022.32 5
023.10 10
023.11 10
023.12 5
023.20 10
023.21 10
023.22 5
023.30 10
023.31 10
023.32 5
024.10 10
024.11 10
024.12 5
024.20 10
024.21 10
024.22 5
024.30 10
024.31 10
024.32 5
024.40 1
025.10 10
025.11 10
025.12 5
025.20 10
025.21 10
025.22 5
025.30 10
025.31 10
025.32 5
026.10 10
026.11 10
026.12 5
026.20 10
026.21 10
026.22 5
026.30 10
026.31 10
026.32 5
027.10 10
027.11 10
027.12 5
027.20 10
027.21 10
027.22 5
027.30 10
027.31 10
027.32 5
028.10 10
028.11 10
028.12 5
028.20 10
028.21 10
028.22 5
028.30 10
028.31 10
028.32 5
029.10 10
029.11 10
029.12 5
029.20 10
029.21 10
029.22 5
029.30 10
029.31 10
029.32 5
030.10 10
030.11 10
030.12 5
030.20 10
030.21 10
030.22 5
030.30 10
030.31 10
030.32 5
032.10 10
032.11 10
032.12 5
032.20 10
032.21 10
032.22 5
032.30 10
032.31 10
032.32 5
033.10 10
033.11 10
033.12 5
033.20 10
033.21 10
033.22 5
033.30 10
033.31 10
033.32 5
034.10 10
034.11 10
034.12 5
034.20 10
034.21 10
034.22 5
034.30 10
034.31 10
034.32 5
035.10 10
035.11 10
035.12 5
035.20 10
035.21 10
035.22 5
035.30 10
035.31 10
035.32 5
036.10 10
036.11 10
036.12 5
036.20 10
036.21 10
036.22 5
036.30 10
036.31 10
036.32 5
037.10 10
037.11 10
037.12 5
037.20 10
037.21 10
037.22 5
037.30 10
037.31 10
037.32 5
038.10 10
038.11 10
038.12 5
038.20 10
038.21 10
038.22 5
038.30 10
038.31 10
038.32 5
039.10 10
039.11 10
039.12 5
039.20 10
039.21 10
039.22 5
039.30 10
039.31 10
039.32 5
