019.10 35
019.11 35
019.12 30
019.13 25
019.14 25
019.15 25
019.16 25
019.17 25
019.18 25
019.19 25
019.20 35
019.21 34
019.22 30
019.23 25
019.24 25
019.25 25
019.26 25
019.27 25
019.28 25
019.29 25
019.30 34
019.31 35
019.32 30
019.33 25
019.34 25
019.35 25
019.36 25
019.37 25
019.38 25
019.39 25
019.40 35
019.41 34
019.42 30
019.43 24
019.44 25
019.45 25
019.46 25
019.47 24
019.48 25
019.49 25
019.50 35
019.51 35
019.52 30
019.53 25
019.54 25
019.55 25
019.56 25
019.57 25
019.58 25
019.59 25
019.60 35
019.61 35
019.62 30
019.63 25
019.64 23
019.65 17
019.66 1
019.70 10
019.71 10
019.72 5
019.80 10
019.81 10
019.82 5
019.90 10
019.91 10
019.92 5
020.10 35
020.11 35
020.12 30
020.13 25
020.14 25
020.15 25
020.16 25
020.17 25
020.18 25
020.19 25
020.20 35
020.21 35
020.22 30
020.23 25
020.24 25
020.25 25
020.26 25
020.27 25
020.28 25
020.29 25
020.30 35
020.31 35
020.32 29
020.33 25
020.34 25
020.35 25
020.36 25
020.37 25
020.38 25
020.39 25
020.40 35
020.41 35
020.42 30
020.43 25
020.44 25
020.45 25
020.46 25
020.47 25
020.48 24
020.49 25
020.50 35
020.51 34
020.52 30
020.53 25
020.54 25
020.55 25
020.56 25
020.57 25
020.58 25
020.59 25
020.60 35
020.61 35
020.62 30
020.63 25
020.64 24
020.65 13
020.66 4
020.70 10
020.71 10
020.72 5
020.80 10
020.81 10
020.82 5
020.90 10
020.91 10
020.92 5
021.10 35
021.11 35
021.12 30
021.13 25
021.14 25
021.15 25
021.16 25
021.17 25
021.18 25
021.19 25
021.20 35
021.21 35
021.22 30
021.23 24
021.24 25
021.25 25
021.26 25
021.27 25
021.28 25
021.29 25
021.30 35
021.31 35
021.32 30
021.33 25
021.34 25
021.35 25
021.36 25
021.37 25
021.38 25
021.39 25
021.40 35
021.41 33
021.42 29
021.43 25
021.44 25
021.45 25
021.46 25
021.47 25
021.48 25
021.49 25
021.50 35
021.51 35
021.52 30
021.53 25
021.54 25
021.55 25
021.56 25
021.57 25
021.58 25
021.59 24
021.60 35
021.61 34
021.62 30
021.63 25
021.64 25
021.65 20
021.66 3
021.70 10
021.71 10
021.72 5
021.80 10
021.81 10
021.82 5
021.90 10
021.91 10
021.92 5
022.10 35
022.11 35
022.12 30
022.13 25
022.14 25
022.15 25
022.16 25
022.17 25
022.18 25
022.19 25
022.20 35
022.21 35
022.22 30
022.23 25
022.24 25
022.25 25
022.26 25
022.27 25
022.28 25
022.29 25
022.30 35
022.31 35
022.32 30
022.33 25
022.34 25
022.35 25
022.36 25
022.37 25
022.38 25
022.39 25
022.40 35
022.41 35
022.42 30
022.43 25
022.44 25
022.45 25
022.46 25
022.47 25
022.48 25
022.49 25
022.50 35
022.51 35
022.52 30
022.53 25
022.54 25
022.55 25
022.56 25
022.57 25
022.58 25
022.59 25
022.60 35
022.61 35
022.62 30
022.63 25
022.64 25
022.65 17
022.70 10
022.71 10
022.72 5
022.80 10
022.81 10
022.82 5
022.90 10
022.91 10
022.92 5
023.10 35
023.11 35
023.12 30
023.13 25
023.14 25
023.15 25
023.16 25
023.17 25
023.18 25
023.19 25
023.20 34
023.21 35
023.22 30
023.23 25
023.24 25
023.25 25
023.26 25
023.27 25
023.28 25
023.29 25
023.30 35
023.31 35
023.32 30
023.33 25
023.34 25
023.35 25
023.36 24
023.37 24
023.38 25
023.39 25
023.40 34
023.41 35
023.42 29
023.43 25
023.44 25
023.45 25
023.46 25
023.47 25
023.48 25
023.49 25
023.50 35
023.51 35
023.52 30
023.53 25
023.54 25
023.55 25
023.56 25
023.57 25
023.58 25
023.59 25
023.60 34
023.61 35
023.62 30
023.63 24
023.64 24
023.65 17
023.66 3
023.70 10
023.71 10
023.72 5
023.80 10
023.81 10
023.82 5
023.90 10
023.91 10
023.92 5
024.10 35
024.11 35
024.12 28
024.13 25
024.14 25
024.15 25
024.16 25
024.17 25
024.18 24
024.19 25
024.20 35
024.21 35
024.22 30
024.23 25
024.24 25
024.25 25
024.26 25
024.27 25
024.28 25
024.29 25
024.30 35
024.31 35
024.32 30
024.33 25
024.34 25
024.35 25
024.36 25
024.37 25
024.38 25
024.39 25
024.40 35
024.41 35
024.42 30
024.43 25
024.44 25
024.45 25
024.46 25
024.47 25
024.48 25
024.49 25
024.50 35
024.51 35
024.52 30
024.53 25
024.54 25
024.55 25
024.56 25
024.57 25
024.58 25
024.59 25
024.60 35
024.61 35
024.62 29
024.63 25
024.64 25
024.65 18
024.66 2
024.70 10
024.71 10
024.72 5
024.80 10
024.81 10
024.82 5
024.90 10
024.91 10
024.92 5
025.10 35
025.11 34
025.12 30
025.13 24
025.14 25
025.15 25
025.16 25
025.17 25
025.18 25
025.19 25
025.20 35
025.21 35
025.22 30
025.23 25
025.24 25
025.25 25
025.26 25
025.27 25
025.28 25
025.29 25
025.30 35
025.31 35
025.32 30
025.33 25
025.34 25
025.35 25
025.36 25
025.37 25
025.38 25
025.39 25
025.40 35
025.41 35
025.42 30
025.43 25
025.44 25
025.45 25
025.46 25
025.47 25
025.48 25
025.49 25
025.50 35
025.51 35
025.52 30
025.53 25
025.54 25
025.55 25
025.56 25
025.57 25
025.58 25
025.59 25
025.60 35
025.61 35
025.62 30
025.63 25
025.64 24
025.65 13
025.66 1
025.70 10
025.71 10
025.72 5
025.80 10
025.81 10
025.82 5
025.90 10
025.91 10
025.92 5
026.10 35
026.11 35
026.12 30
026.13 25
026.14 25
026.15 25
026.16 25
026.17 25
026.18 25
026.19 25
026.20 35
026.21 35
026.22 30
026.23 24
026.24 25
026.25 25
026.26 25
026.27 25
026.28 25
026.29 25
026.30 35
026.31 35
026.32 30
026.33 25
026.34 25
026.35 25
026.36 25
026.37 25
026.38 25
026.39 25
026.40 35
026.41 35
026.42 30
026.43 25
026.44 25
026.45 25
026.46 24
026.47 25
026.48 25
026.49 24
026.50 35
026.51 34
026.52 30
026.53 25
026.54 25
026.55 25
026.56 25
026.57 25
026.58 25
026.59 25
026.60 35
026.61 32
026.62 29
026.63 25
026.64 24
026.65 11
026.70 10
026.71 10
026.72 5
026.80 10
026.81 10
026.82 5
026.90 10
026.91 10
026.92 5
027.10 35
027.11 35
027.12 30
027.13 25
027.14 25
027.15 25
027.16 25
027.17 25
027.18 25
027.19 25
027.20 35
027.21 35
027.22 30
027.23 25
027.24 25
027.25 25
027.26 25
027.27 25
027.28 25
027.29 25
027.30 35
027.31 34
027.32 30
027.33 25
027.34 25
027.35 25
027.36 25
027.37 25
027.38 25
027.39 25
027.40 35
027.41 35
027.42 30
027.43 25
027.44 25
027.45 25
027.46 25
027.47 25
027.48 25
027.49 25
027.50 35
027.51 35
027.52 30
027.53 25
027.54 25
027.55 25
027.56 25
027.57 25
027.58 25
027.59 25
027.60 35
027.61 35
027.62 30
027.63 25
027.64 24
027.65 15
027.70 10
027.71 10
027.72 5
027.80 10
027.81 10
027.82 5
027.90 10
027.91 10
027.92 5
028.10 35
028.11 35
028.12 30
028.13 25
028.14 24
028.15 25
028.16 25
028.17 24
028.18 24
028.19 25
028.20 35
028.21 35
028.22 30
028.23 24
028.24 25
028.25 25
028.26 25
028.27 24
028.28 24
028.29 25
028.30 35
028.31 35
028.32 30
028.33 25
028.34 25
028.35 25
028.36 25
028.37 25
028.38 25
028.39 24
028.40 35
028.41 35
028.42 30
028.43 25
028.44 24
028.45 25
028.46 25
028.47 25
028.48 24
028.49 25
028.50 35
028.51 35
028.52 30
028.53 25
028.54 25
028.55 25
028.56 25
028.57 24
028.58 25
028.59 25
028.60 35
028.61 35
028.62 30
028.63 25
028.64 25
028.65 18
028.66 2
028.70 9
028.71 10
028.72 5
028.80 10
028.81 10
028.82 5
028.90 10
028.91 10
028.92 5
029.10 35
029.11 34
029.12 28
029.13 25
029.14 25
029.15 24
029.16 25
029.17 25
029.18 25
029.19 24
029.20 35
029.21 35
029.22 30
029.23 25
029.24 25
029.25 25
029.26 25
029.27 24
029.28 25
029.29 25
029.30 35
029.31 35
029.32 30
029.33 24
029.34 25
029.35 25
029.36 25
029.37 25
029.38 25
029.39 25
029.40 35
029.41 35
029.42 30
029.43 24
029.44 25
029.45 25
029.46 25
029.47 25
029.48 25
029.49 25
029.50 35
029.51 35
029.52 30
029.53 25
029.54 25
029.55 25
029.56 25
029.57 25
029.58 25
029.59 25
029.60 35
029.61 35
029.62 30
029.63 24
029.64 23
029.65 7
029.70 10
029.71 10
029.72 5
029.80 10
029.81 10
029.82 5
029.90 10
029.91 10
029.92 5
030.10 35
030.11 35
030.12 30
030.13 25
030.14 25
030.15 25
030.16 25
030.17 25
030.18 25
030.19 25
030.20 35
030.21 35
030.22 30
030.23 25
030.24 24
030.25 25
030.26 25
030.27 25
030.28 25
030.29 25
030.30 35
030.31 34
030.32 30
030.33 25
030.34 24
030.35 25
030.36 25
030.37 25
030.38 25
030.39 25
030.40 35
030.41 35
030.42 30
030.43 25
030.44 25
030.45 25
030.46 25
030.47 25
030.48 25
030.49 25
030.50 34
030.51 35
030.52 30
030.53 25
030.54 25
030.55 25
030.56 25
030.57 25
030.58 25
030.59 25
030.60 35
030.61 35
030.62 30
030.63 25
030.64 25
030.65 16
030.66 2
030.70 10
030.71 10
030.72 5
030.80 10
030.81 10
030.82 5
030.90 10
030.91 10
030.92 5
032.10 35
032.11 35
032.12 30
032.13 24
032.14 25
032.15 25
032.16 25
032.17 25
032.18 25
032.19 25
032.20 35
032.21 35
032.22 30
032.23 25
032.24 25
032.25 25
032.26 25
032.27 25
032.28 25
032.29 25
032.30 35
032.31 35
032.32 30
032.33 25
032.34 25
032.35 25
032.36 25
032.37 25
032.38 25
032.39 25
032.40 35
032.41 35
032.42 30
032.43 25
032.44 25
032.45 25
032.46 25
032.47 25
032.48 25
032.49 25
032.50 35
032.51 34
032.52 30
032.53 25
032.54 25
032.55 25
032.56 25
032.57 25
032.58 25
032.59 25
032.60 35
032.61 35
032.62 30
032.63 25
032.64 25
032.65 21
032.66 2
032.70 10
032.71 10
032.72 5
032.80 10
032.81 10
032.82 5
032.90 10
032.91 10
032.92 5
033.10 35
033.11 35
033.12 30
033.13 25
033.14 25
033.15 25
033.16 25
033.17 25
033.18 25
033.19 25
033.20 35
033.21 35
033.22 30
033.23 25
033.24 25
033.25 25
033.26 25
033.27 25
033.28 25
033.29 25
033.30 35
033.31 34
033.32 30
033.33 23
033.34 25
033.35 25
033.36 25
033.37 25
033.38 25
033.39 25
033.40 34
033.41 35
033.42 30
033.43 25
033.44 25
033.45 25
033.46 25
033.47 25
033.48 24
033.49 25
033.50 35
033.51 35
033.52 30
033.53 25
033.54 25
033.55 25
033.56 25
033.57 25
033.58 25
033.59 25
033.60 35
033.61 33
033.62 30
033.63 25
033.64 25
033.65 16
033.66 3
033.70 10
033.71 10
033.72 5
033.80 10
033.81 10
033.82 5
033.90 10
033.91 10
033.92 5
034.10 35
034.11 35
034.12 29
034.13 25
034.14 24
034.15 24
034.16 24
034.17 25
034.18 25
034.19 25
034.20 35
034.21 35
034.22 30
034.23 25
034.24 25
034.25 25
034.26 24
034.27 25
034.28 25
034.29 25
034.30 35
034.31 34
034.32 30
034.33 25
034.34 24
034.35 25
034.36 25
034.37 25
034.38 25
034.39 25
034.40 35
034.41 35
034.42 30
034.43 24
034.44 25
034.45 25
034.46 25
034.47 25
034.48 25
034.49 25
034.50 35
034.51 35
034.52 30
034.53 25
034.54 25
034.55 25
034.56 25
034.57 25
034.58 25
034.59 25
034.60 34
034.61 34
034.62 30
034.63 24
034.64 25
034.65 14
034.70 10
034.71 10
034.72 5
034.80 10
034.81 10
034.82 5
034.90 10
034.91 10
034.92 5
035.10 35
035.11 35
035.12 30
035.13 25
035.14 25
035.15 25
035.16 25
035.17 25
035.18 25
035.19 25
035.20 35
035.21 35
035.22 30
035.23 25
035.24 25
035.25 25
035.26 25
035.27 25
035.28 25
035.29 25
035.30 35
035.31 35
035.32 30
035.33 25
035.34 25
035.35 25
035.36 25
035.37 25
035.38 25
035.39 25
035.40 35
035.41 35
035.42 30
035.43 25
035.44 25
035.45 25
035.46 25
035.47 25
035.48 25
035.49 25
035.50 35
035.51 35
035.52 30
035.53 25
035.54 25
035.55 24
035.56 25
035.57 25
035.58 25
035.59 25
035.60 35
035.61 35
035.62 30
035.63 25
035.64 23
035.65 11
035.70 10
035.71 10
035.72 5
035.80 10
035.81 10
035.82 5
035.90 10
035.91 10
035.92 5
036.10 35
036.11 35
036.12 30
036.13 25
036.14 25
036.15 25
036.16 25
036.17 25
036.18 25
036.19 25
036.20 35
036.21 35
036.22 30
036.23 25
036.24 25
036.25 25
036.26 25
036.27 25
036.28 25
036.29 25
036.30 35
036.31 35
036.32 30
036.33 25
036.34 25
036.35 25
036.36 25
036.37 25
036.38 25
036.39 25
036.40 35
036.41 35
036.42 30
036.43 25
036.44 25
036.45 25
036.46 25
036.47 25
036.48 25
036.49 25
036.50 35
036.51 35
036.52 30
036.53 25
036.54 25
036.55 25
036.56 25
036.57 25
036.58 25
036.59 25
036.60 35
036.61 35
036.62 30
036.63 25
036.64 25
036.65 11
036.70 10
036.71 10
036.72 5
036.80 10
036.81 10
036.82 5
036.90 10
036.91 10
036.92 5
037.10 35
037.11 35
037.12 30
037.13 25
037.14 25
037.15 25
037.16 25
037.17 25
037.18 25
037.19 25
037.20 35
037.21 35
037.22 30
037.23 25
037.24 25
037.25 25
037.26 25
037.27 25
037.28 25
037.29 25
037.30 35
037.31 35
037.32 30
037.33 25
037.34 25
037.35 25
037.36 25
037.37 25
037.38 25
037.39 25
037.40 35
037.41 35
037.42 30
037.43 25
037.44 25
037.45 25
037.46 25
037.47 25
037.48 25
037.49 25
037.50 35
037.51 35
037.52 30
037.53 25
037.54 25
037.55 25
037.56 25
037.57 25
037.58 25
037.59 25
037.60 35
037.61 35
037.62 30
037.63 25
037.64 24
037.65 13
037.66 1
037.70 10
037.71 10
037.72 5
037.80 10
037.81 10
037.82 5
037.90 10
037.91 9
037.92 5
038.10 35
038.11 35
038.12 30
038.13 25
038.14 25
038.15 25
038.16 25
038.17 25
038.18 25
038.19 25
038.20 35
038.21 35
038.22 30
038.23 24
038.24 24
038.25 25
038.26 25
038.27 25
038.28 25
038.29 25
038.30 35
038.31 35
038.32 30
038.33 25
038.34 25
038.35 25
038.36 25
038.37 25
038.38 25
038.39 25
038.40 35
038.41 35
038.42 30
038.43 25
038.44 25
038.45 25
038.46 25
038.47 25
038.48 25
038.49 25
038.50 35
038.51 35
038.52 30
038.53 25
038.54 25
038.55 25
038.56 25
038.57 25
038.58 25
038.59 25
038.60 34
038.61 35
038.62 30
038.63 25
038.64 25
038.65 15
038.66 1
038.70 10
038.71 10
038.72 5
038.80 10
038.81 10
038.82 5
038.90 10
038.91 10
038.92 5
039.10 35
039.11 35
039.12 30
039.13 25
039.14 25
039.15 24
039.16 25
039.17 25
039.18 25
039.19 25
039.20 35
039.21 35
039.22 30
039.23 25
039.24 25
039.25 25
039.26 25
039.27 25
039.28 25
039.29 25
039.30 35
039.31 35
039.32 30
039.33 25
039.34 25
039.35 25
039.36 25
039.37 25
039.38 25
039.39 25
039.40 35
039.41 35
039.42 30
039.43 25
039.44 25
039.45 25
039.46 25
039.47 25
039.48 25
039.49 25
039.50 35
039.51 35
039.52 30
039.53 25
039.54 25
039.55 25
039.56 25
039.57 25
039.58 25
039.59 25
039.60 35
039.61 35
039.62 30
039.63 25
039.64 25
039.65 17
039.70 10
039.71 10
039.72 5
039.80 10
039.81 10
039.82 5
039.90 10
039.91 10
039.92 5
