019.10 35
019.11 35
019.12 30
019.13 25
019.14 25
019.15 25
019.16 25
019.17 25
019.18 25
019.19 25
019.20 35
019.21 35
019.22 30
019.23 25
019.24 8
019.30 10
019.31 10
019.32 5
019.40 10
019.41 10
019.42 5
019.50 10
019.51 10
019.52 5
019.60 9
019.61 10
019.62 5
019.70 10
019.71 10
019.72 5
019.80 10
019.81 10
019.82 5
019.90 10
019.91 10
019.92 5
020.10 34
020.11 35
020.12 30
020.13 25
020.14 25
020.15 25
020.16 25
020.17 25
020.18 25
020.19 24
020.20 35
020.21 35
020.22 30
020.23 25
020.24 3
020.30 10
020.31 9
020.32 5
020.40 10
020.41 10
020.42 5
020.50 10
020.51 10
020.52 5
020.60 10
020.61 10
020.62 5
020.70 10
020.71 10
020.72 5
020.80 10
020.81 10
020.82 5
020.90 10
020.91 10
020.92 5
021.10 35
021.11 35
021.12 30
021.13 25
021.14 25
021.15 25
021.16 25
021.17 25
021.18 25
021.19 25
021.20 35
021.21 35
021.22 30
021.23 24
021.24 9
021.30 9
021.31 10
021.32 5
021.40 10
021.41 10
021.42 5
021.50 10
021.51 10
021.52 5
021.60 10
021.61 10
021.62 5
021.70 10
021.71 10
021.72 5
021.80 10
021.81 10
021.82 5
021.90 10
021.91 10
021.92 5
022.10 35
022.11 35
022.12 30
022.13 25
022.14 25
022.15 25
022.16 25
022.17 25
022.18 25
022.19 25
022.20 35
022.21 35
022.22 30
022.23 25
022.24 9
022.30 10
022.31 10
022.32 5
022.40 10
022.41 10
022.42 5
022.50 10
022.51 10
022.52 5
022.60 10
022.61 10
022.62 5
022.70 10
022.71 10
022.72 5
022.80 10
022.81 10
022.82 5
022.90 10
022.91 10
022.92 5
023.10 35
023.11 35
023.12 30
023.13 25
023.14 25
023.15 25
023.16 25
023.17 25
023.18 25
023.19 25
023.20 35
023.21 35
023.22 30
023.23 25
023.24 8
023.30 10
023.31 10
023.32 5
023.40 10
023.41 10
023.42 5
023.50 10
023.51 10
023.52 5
023.60 10
023.61 10
023.62 5
023.70 10
023.71 10
023.72 5
023.80 10
023.81 10
023.82 5
023.90 10
023.91 10
023.92 5
024.10 35
024.11 35
024.12 30
024.13 25
024.14 25
024.15 25
024.16 25
024.17 25
024.18 25
024.19 25
024.20 35
024.21 35
024.22 29
024.23 23
024.24 7
024.30 10
024.31 10
024.32 5
024.40 10
024.41 10
024.42 5
024.50 10
024.51 10
024.52 5
024.60 10
024.61 10
024.62 5
024.70 10
024.71 10
024.72 5
024.80 10
024.81 10
024.82 5
024.90 10
024.91 10
024.92 5
025.10 35
025.11 35
025.12 30
025.13 25
025.14 25
025.15 25
025.16 25
025.17 25
025.18 25
025.19 25
025.20 35
025.21 35
025.22 30
025.23 25
025.24 6
025.30 10
025.31 10
025.32 5
025.40 10
025.41 10
025.42 5
025.50 10
025.51 10
025.52 5
025.60 10
025.61 10
025.62 5
025.70 10
025.71 10
025.72 5
025.80 10
025.81 9
025.82 5
025.90 10
025.91 10
025.92 5
026.10 35
026.11 35
026.12 30
026.13 25
026.14 25
026.15 25
026.16 25
026.17 25
026.18 25
026.19 25
026.20 35
026.21 35
026.22 30
026.23 25
026.24 2
026.30 10
026.31 10
026.32 5
026.40 10
026.41 10
026.42 5
026.50 10
026.51 10
026.52 5
026.60 10
026.61 10
026.62 5
026.70 10
026.71 10
026.72 5
026.80 10
026.81 10
026.82 5
026.90 10
026.91 9
026.92 5
027.10 35
027.11 35
027.12 30
027.13 25
027.14 25
027.15 25
027.16 25
027.17 25
027.18 25
027.19 25
027.20 35
027.21 35
027.22 30
027.23 25
027.24 11
027.30 10
027.31 10
027.32 5
027.40 10
027.41 10
027.42 5
027.50 10
027.51 10
027.52 5
027.60 10
027.61 10
027.62 5
027.70 10
027.71 10
027.72 5
027.80 10
027.81 10
027.82 5
027.90 10
027.91 10
027.92 5
028.10 35
028.11 35
028.12 30
028.13 25
028.14 25
028.15 25
028.16 25
028.17 25
028.18 25
028.19 25
028.20 35
028.21 35
028.22 30
028.23 25
028.24 11
028.30 10
028.31 10
028.32 5
028.40 10
028.41 10
028.42 5
028.50 10
028.51 10
028.52 5
028.60 10
028.61 10
028.62 5
028.70 9
028.71 10
028.72 5
028.80 10
028.81 10
028.82 5
028.90 10
028.91 10
028.92 5
029.10 35
029.11 35
029.12 30
029.13 25
029.14 25
029.15 25
029.16 25
029.17 25
029.18 25
029.19 25
029.20 35
029.21 35
029.22 30
029.23 25
029.24 7
029.30 10
029.31 10
029.32 5
029.40 10
029.41 10
029.42 5
029.50 10
029.51 10
029.52 5
029.60 10
029.61 10
029.62 5
029.70 10
029.71 10
029.72 5
029.80 10
029.81 10
029.82 5
029.90 10
029.91 10
029.92 5
030.10 35
030.11 35
030.12 30
030.13 25
030.14 25
030.15 25
030.16 25
030.17 25
030.18 25
030.19 25
030.20 35
030.21 35
030.22 30
030.23 25
030.24 7
030.30 10
030.31 10
030.32 5
030.40 10
030.41 10
030.42 5
030.50 10
030.51 10
030.52 5
030.60 10
030.61 10
030.62 5
030.70 10
030.71 10
030.72 5
030.80 10
030.81 10
030.82 5
030.90 10
030.91 10
030.92 5
032.10 35
032.11 35
032.12 30
032.13 25
032.14 25
032.15 25
032.16 25
032.17 25
032.18 25
032.19 25
032.20 35
032.21 35
032.22 30
032.23 24
032.24 5
032.30 10
032.31 10
032.32 5
032.40 10
032.41 10
032.42 5
032.50 9
032.51 10
032.52 5
032.60 10
032.61 10
032.62 5
032.70 10
032.71 10
032.72 5
032.80 10
032.81 10
032.82 5
032.90 10
032.91 10
032.92 5
033.10 35
033.11 35
033.12 30
033.13 25
033.14 25
033.15 25
033.16 25
033.17 25
033.18 25
033.19 25
033.20 35
033.21 35
033.22 30
033.23 25
033.24 9
033.30 10
033.31 10
033.32 5
033.40 10
033.41 10
033.42 5
033.50 10
033.51 10
033.52 5
033.60 10
033.61 10
033.62 5
033.70 10
033.71 10
033.72 5
033.80 10
033.81 10
033.82 5
033.90 10
033.91 10
033.92 5
034.10 35
034.11 35
034.12 30
034.13 25
034.14 25
034.15 25
034.16 25
034.17 25
034.18 24
034.19 25
034.20 35
034.21 34
034.22 30
034.23 25
034.24 5
034.30 10
034.31 10
034.32 5
034.40 10
034.41 10
034.42 5
034.50 10
034.51 10
034.52 5
034.60 10
034.61 10
034.62 5
034.70 10
034.71 10
034.72 5
034.80 10
034.81 10
034.82 5
034.90 10
034.91 10
034.92 5
035.10 35
035.11 35
035.12 29
035.13 25
035.14 25
035.15 25
035.16 25
035.17 25
035.18 25
035.19 25
035.20 35
035.21 35
035.22 30
035.23 25
035.24 12
035.30 10
035.31 10
035.32 5
035.40 10
035.41 10
035.42 5
035.50 10
035.51 10
035.52 5
035.60 10
035.61 10
035.62 5
035.70 10
035.71 9
035.72 5
035.80 10
035.81 10
035.82 5
035.90 10
035.91 10
035.92 5
036.10 35
036.11 35
036.12 30
036.13 25
036.14 25
036.15 25
036.16 25
036.17 25
036.18 25
036.19 25
036.20 35
036.21 35
036.22 30
036.23 25
036.24 8
036.30 10
036.31 10
036.32 5
036.40 10
036.41 10
036.42 5
036.50 10
036.51 10
036.52 5
036.60 10
036.61 10
036.62 5
036.70 10
036.71 10
036.72 5
036.80 10
036.81 10
036.82 5
036.90 10
036.91 10
036.92 5
037.10 35
037.11 35
037.12 30
037.13 25
037.14 25
037.15 25
037.16 25
037.17 25
037.18 25
037.19 25
037.20 35
037.21 35
037.22 30
037.23 25
037.24 12
037.30 10
037.31 10
037.32 4
037.40 10
037.41 10
037.42 5
037.50 10
037.51 10
037.52 5
037.60 10
037.61 10
037.62 5
037.70 10
037.71 10
037.72 5
037.80 10
037.81 10
037.82 5
037.90 10
037.91 10
037.92 5
038.10 35
038.11 35
038.12 30
038.13 25
038.14 25
038.15 25
038.16 25
038.17 25
038.18 25
038.19 25
038.20 35
038.21 35
038.22 30
038.23 25
038.24 8
038.30 10
038.31 10
038.32 5
038.40 10
038.41 10
038.42 5
038.50 10
038.51 10
038.52 5
038.60 10
038.61 10
038.62 5
038.70 10
038.71 10
038.72 5
038.80 10
038.81 10
038.82 5
038.90 10
038.91 10
038.92 5
039.10 35
039.11 35
039.12 30
039.13 25
039.14 25
039.15 25
039.16 25
039.17 25
039.18 25
039.19 25
039.20 35
039.21 35
039.22 30
039.23 25
039.24 7
039.30 10
039.31 10
039.32 5
039.40 10
039.41 10
039.42 5
039.50 10
039.51 10
039.52 5
039.60 10
039.61 10
039.62 5
039.70 10
039.71 10
039.72 5
039.80 10
039.81 10
039.82 5
039.90 10
039.91 10
039.92 5
