019.10 10
019.11 5
019.20 8
019.21 5
020.10 10
020.11 5
020.20 8
020.21 2
021.10 10
021.11 5
021.20 9
021.21 4
022.10 10
022.11 5
022.20 10
022.21 4
023.10 10
023.11 5
023.20 5
023.21 2
024.10 10
024.11 5
024.20 8
024.21 3
025.10 10
025.11 5
025.20 9
025.21 3
026.10 10
026.11 5
026.20 10
026.21 3
027.10 10
027.11 5
027.20 10
027.21 4
028.10 10
028.11 5
028.20 7
028.21 5
029.10 10
029.11 5
029.20 9
029.21 5
030.10 10
030.11 5
030.20 7
030.21 5
032.10 10
032.11 5
032.20 7
032.21 5
033.10 10
033.11 5
033.20 9
033.21 5
034.10 10
034.11 5
034.20 9
034.21 2
035.10 10
035.11 5
035.20 7
035.21 5
036.10 10
036.11 5
036.20 9
036.21 5
037.10 10
037.11 5
037.20 9
037.21 5
