019.10 10
019.11 5
019.20 10
019.21 5
019.30 10
019.31 5
019.40 10
019.41 5
019.50 10
019.51 5
019.60 10
019.61 5
019.70 4
019.71 3
020.10 10
020.11 5
020.20 10
020.21 5
020.30 10
020.31 5
020.40 10
020.41 5
020.50 10
020.51 5
020.60 10
020.61 5
020.70 2
020.71 2
021.10 10
021.11 5
021.20 10
021.21 5
021.30 10
021.31 5
021.40 10
021.41 5
021.50 10
021.51 5
021.60 9
021.61 5
021.70 2
021.71 1
022.10 10
022.11 5
022.20 10
022.21 5
022.30 10
022.31 5
022.40 10
022.41 5
022.50 10
022.51 5
022.60 10
022.61 5
022.70 1
022.71 1
023.10 10
023.11 5
023.20 10
023.21 5
023.30 10
023.31 5
023.40 10
023.41 5
023.50 10
023.51 5
023.60 10
023.61 5
023.70 2
024.10 10
024.11 5
024.20 10
024.21 5
024.30 10
024.31 5
024.40 10
024.41 5
024.50 10
024.51 5
024.60 10
024.61 5
024.70 1
025.10 10
025.11 5
025.20 10
025.21 5
025.30 10
025.31 5
025.40 10
025.41 5
025.50 10
025.51 5
025.60 10
025.61 4
025.70 3
025.71 2
026.10 10
026.11 5
026.20 10
026.21 5
026.30 10
026.31 5
026.40 10
026.41 5
026.50 10
026.51 5
026.60 9
026.61 5
026.70 1
026.71 3
027.10 10
027.11 5
027.20 10
027.21 5
027.30 10
027.31 5
027.40 10
027.41 5
027.50 10
027.51 5
027.60 10
027.61 5
027.70 1
027.71 1
028.10 10
028.11 5
028.20 10
028.21 5
028.30 10
028.31 5
028.40 10
028.41 5
028.50 10
028.51 5
028.60 10
028.61 5
028.70 2
028.71 1
029.10 10
029.11 5
029.20 10
029.21 5
029.30 10
029.31 5
029.40 10
029.41 5
029.50 10
029.51 5
029.60 10
029.61 5
029.70 2
029.71 1
030.10 10
030.11 5
030.20 10
030.21 5
030.30 10
030.31 5
030.40 10
030.41 5
030.50 10
030.51 5
030.60 10
030.61 5
030.70 2
030.71 1
032.10 10
032.11 5
032.20 10
032.21 5
032.30 10
032.31 5
032.40 10
032.41 5
032.50 10
032.51 5
032.60 9
032.61 5
032.70 2
033.10 10
033.11 5
033.20 10
033.21 5
033.30 10
033.31 5
033.40 10
033.41 5
033.50 10
033.51 5
033.60 9
033.61 5
033.70 1
033.71 1
034.10 10
034.11 5
034.20 10
034.21 5
034.30 10
034.31 5
034.40 10
034.41 5
034.50 10
034.51 5
034.60 9
034.61 5
034.70 2
035.10 10
035.11 5
035.20 10
035.21 5
035.30 10
035.31 5
035.40 10
035.41 5
035.50 10
035.51 5
035.60 10
035.61 5
036.10 10
036.11 5
036.20 10
036.21 5
036.30 10
036.31 5
036.40 10
036.41 5
036.50 10
036.51 5
036.60 10
036.61 5
036.70 4
037.10 10
037.11 5
037.20 10
037.21 5
037.30 10
037.31 5
037.40 10
037.41 5
037.50 10
037.51 5
037.60 10
037.61 5
037.70 1
037.71 1
