019.10 25
019.11 20
019.12 15
019.13 15
019.14 15
019.15 13
019.16 5
019.17 1
019.20 10
019.21 5
019.30 10
019.31 5
019.40 10
019.41 5
019.50 10
019.51 5
019.60 10
019.61 5
019.70 10
019.71 5
019.80 10
019.81 5
019.90 10
019.91 5
020.10 25
020.11 20
020.12 15
020.13 15
020.14 15
020.15 14
020.16 7
020.17 1
020.20 10
020.21 5
020.30 10
020.31 5
020.40 10
020.41 5
020.50 10
020.51 5
020.60 10
020.61 5
020.70 10
020.71 5
020.80 10
020.81 5
020.90 10
020.91 5
021.10 25
021.11 20
021.12 15
021.13 15
021.14 15
021.15 13
021.16 10
021.17 4
021.20 10
021.21 5
021.30 10
021.31 5
021.40 10
021.41 5
021.50 10
021.51 5
021.60 10
021.61 5
021.70 10
021.71 5
021.80 10
021.81 5
021.90 10
021.91 5
022.10 25
022.11 20
022.12 15
022.13 15
022.14 15
022.15 14
022.16 8
022.17 4
022.20 10
022.21 5
022.30 10
022.31 5
022.40 10
022.41 5
022.50 10
022.51 5
022.60 10
022.61 5
022.70 10
022.71 5
022.80 10
022.81 5
022.90 10
022.91 5
023.10 25
023.11 20
023.12 15
023.13 15
023.14 15
023.15 14
023.16 9
023.17 4
023.20 10
023.21 5
023.30 10
023.31 5
023.40 10
023.41 5
023.50 10
023.51 5
023.60 10
023.61 5
023.70 10
023.71 5
023.80 10
023.81 5
023.90 10
023.91 5
024.10 25
024.11 20
024.12 15
024.13 15
024.14 15
024.15 14
024.16 7
024.17 4
024.20 10
024.21 5
024.30 10
024.31 5
024.40 10
024.41 5
024.50 10
024.51 5
024.60 10
024.61 5
024.70 10
024.71 5
024.80 10
024.81 5
024.90 10
024.91 5
025.10 25
025.11 20
025.12 15
025.13 15
025.14 15
025.15 12
025.16 7
025.17 1
025.20 10
025.21 5
025.30 10
025.31 5
025.40 10
025.41 5
025.50 10
025.51 5
025.60 10
025.61 5
025.70 10
025.71 5
025.80 10
025.81 5
025.90 10
025.91 5
026.10 25
026.11 20
026.12 15
026.13 15
026.14 15
026.15 14
026.16 8
026.17 2
026.20 10
026.21 5
026.30 10
026.31 5
026.40 10
026.41 5
026.50 10
026.51 5
026.60 10
026.61 5
026.70 10
026.71 5
026.80 10
026.81 5
026.90 10
026.91 5
027.10 25
027.11 20
027.12 15
027.13 15
027.14 15
027.15 14
027.16 8
027.17 3
027.18 1
027.20 10
027.21 5
027.30 10
027.31 5
027.40 10
027.41 5
027.50 10
027.51 5
027.60 10
027.61 5
027.70 10
027.71 5
027.80 10
027.81 5
027.90 10
027.91 5
028.10 25
028.11 20
028.12 15
028.13 15
028.14 15
028.15 14
028.16 9
028.17 1
028.20 10
028.21 5
028.30 10
028.31 5
028.40 10
028.41 5
028.50 10
028.51 5
028.60 10
028.61 5
028.70 10
028.71 5
028.80 10
028.81 5
028.90 10
028.91 5
029.10 25
029.11 20
029.12 15
029.13 15
029.14 15
029.15 15
029.16 10
029.17 4
029.20 10
029.21 5
029.30 10
029.31 5
029.40 10
029.41 5
029.50 10
029.51 5
029.60 10
029.61 5
029.70 10
029.71 5
029.80 10
029.81 5
029.90 10
029.91 5
030.10 25
030.11 20
030.12 15
030.13 15
030.14 15
030.15 14
030.16 11
030.17 4
030.20 10
030.21 5
030.30 10
030.31 5
030.40 10
030.41 5
030.50 10
030.51 5
030.60 10
030.61 5
030.70 10
030.71 5
030.80 10
030.81 5
030.90 10
030.91 5
032.10 25
032.11 20
032.12 15
032.13 15
032.14 15
032.15 14
032.16 10
032.17 2
032.20 10
032.21 5
032.30 10
032.31 5
032.40 10
032.41 5
032.50 10
032.51 5
032.60 10
032.61 5
032.70 10
032.71 5
032.80 10
032.81 5
032.90 10
032.91 5
033.10 25
033.11 20
033.12 15
033.13 15
033.14 15
033.15 15
033.16 10
033.17 3
033.20 10
033.21 5
033.30 10
033.31 5
033.40 10
033.41 5
033.50 10
033.51 5
033.60 10
033.61 5
033.70 10
033.71 5
033.80 10
033.81 5
033.90 10
033.91 5
034.10 25
034.11 20
034.12 15
034.13 15
034.14 15
034.15 13
034.16 10
034.17 6
034.18 2
034.20 10
034.21 5
034.30 10
034.31 5
034.40 10
034.41 5
034.50 10
034.51 5
034.60 10
034.61 5
034.70 10
034.71 5
034.80 10
034.81 5
034.90 10
034.91 5
035.10 25
035.11 20
035.12 15
035.13 15
035.14 15
035.15 14
035.16 8
035.17 2
035.20 10
035.21 5
035.30 10
035.31 5
035.40 10
035.41 5
035.50 10
035.51 5
035.60 10
035.61 5
035.70 10
035.71 5
035.80 10
035.81 5
035.90 10
035.91 5
036.10 25
036.11 20
036.12 15
036.13 15
036.14 15
036.15 14
036.16 8
036.17 4
036.20 10
036.21 5
036.30 10
036.31 5
036.40 10
036.41 5
036.50 10
036.51 5
036.60 10
036.61 5
036.70 10
036.71 5
036.80 10
036.81 5
036.90 10
036.91 5
037.10 25
037.11 20
037.12 15
037.13 15
037.14 15
037.15 14
037.16 11
037.17 3
037.20 10
037.21 5
037.30 10
037.31 5
037.40 10
037.41 5
037.50 10
037.51 5
037.60 10
037.61 5
037.70 10
037.71 5
037.80 10
037.81 5
037.90 10
037.91 5
