019.10 25
019.11 20
019.12 15
019.13 15
019.14 15
019.15 15
019.16 15
019.17 15
019.18 15
019.19 15
019.20 25
019.21 20
019.22 15
019.23 15
019.24 15
019.25 15
019.26 15
019.27 15
019.28 15
019.29 15
019.30 25
019.31 20
019.32 15
019.33 15
019.34 15
019.35 9
019.36 2
019.40 10
019.41 5
019.50 10
019.51 5
019.60 10
019.61 5
019.70 10
019.71 5
019.80 10
019.81 5
019.90 10
019.91 5
020.10 25
020.11 20
020.12 15
020.13 15
020.14 15
020.15 15
020.16 15
020.17 15
020.18 15
020.19 15
020.20 25
020.21 20
020.22 15
020.23 15
020.24 15
020.25 15
020.26 15
020.27 15
020.28 15
020.29 15
020.30 25
020.31 20
020.32 15
020.33 15
020.34 15
020.35 11
020.40 10
020.41 5
020.50 10
020.51 5
020.60 10
020.61 5
020.70 10
020.71 5
020.80 10
020.81 5
020.90 10
020.91 5
021.10 25
021.11 20
021.12 15
021.13 15
021.14 15
021.15 15
021.16 15
021.17 15
021.18 15
021.19 15
021.20 25
021.21 20
021.22 15
021.23 15
021.24 15
021.25 15
021.26 15
021.27 15
021.28 15
021.29 15
021.30 25
021.31 20
021.32 15
021.33 15
021.34 15
021.35 10
021.36 3
021.40 10
021.41 5
021.50 10
021.51 5
021.60 10
021.61 5
021.70 10
021.71 5
021.80 10
021.81 5
021.90 10
021.91 5
022.10 25
022.11 20
022.12 15
022.13 15
022.14 15
022.15 15
022.16 15
022.17 15
022.18 15
022.19 15
022.20 25
022.21 20
022.22 15
022.23 15
022.24 15
022.25 15
022.26 15
022.27 15
022.28 15
022.29 15
022.30 25
022.31 20
022.32 15
022.33 15
022.34 14
022.35 10
022.36 1
022.40 10
022.41 5
022.50 10
022.51 5
022.60 10
022.61 5
022.70 10
022.71 5
022.80 10
022.81 5
022.90 10
022.91 5
023.10 25
023.11 20
023.12 15
023.13 15
023.14 15
023.15 15
023.16 15
023.17 15
023.18 14
023.19 15
023.20 25
023.21 20
023.22 15
023.23 15
023.24 15
023.25 15
023.26 15
023.27 15
023.28 15
023.29 15
023.30 25
023.31 20
023.32 15
023.33 15
023.34 14
023.35 10
023.36 1
023.40 10
023.41 5
023.50 10
023.51 5
023.60 10
023.61 5
023.70 10
023.71 5
023.80 10
023.81 5
023.90 10
023.91 5
024.10 25
024.11 20
024.12 15
024.13 15
024.14 15
024.15 15
024.16 15
024.17 15
024.18 15
024.19 15
024.20 25
024.21 20
024.22 15
024.23 15
024.24 15
024.25 14
024.26 15
024.27 15
024.28 15
024.29 15
024.30 25
024.31 20
024.32 15
024.33 15
024.34 15
024.35 9
024.40 10
024.41 5
024.50 10
024.51 5
024.60 10
024.61 5
024.70 10
024.71 5
024.80 10
024.81 5
024.90 10
024.91 5
025.10 25
025.11 20
025.12 15
025.13 15
025.14 15
025.15 15
025.16 15
025.17 15
025.18 15
025.19 15
025.20 25
025.21 20
025.22 15
025.23 15
025.24 15
025.25 15
025.26 15
025.27 15
025.28 15
025.29 15
025.30 25
025.31 20
025.32 15
025.33 15
025.34 14
025.35 9
025.36 4
025.40 10
025.41 5
025.50 10
025.51 5
025.60 10
025.61 5
025.70 10
025.71 5
025.80 10
025.81 5
025.90 10
025.91 5
026.10 25
026.11 20
026.12 15
026.13 15
026.14 14
026.15 15
026.16 15
026.17 15
026.18 15
026.19 15
026.20 25
026.21 20
026.22 15
026.23 15
026.24 15
026.25 15
026.26 15
026.27 15
026.28 15
026.29 15
026.30 25
026.31 20
026.32 15
026.33 15
026.34 14
026.35 6
026.36 2
026.40 10
026.41 5
026.50 10
026.51 5
026.60 10
026.61 5
026.70 10
026.71 5
026.80 10
026.81 5
026.90 10
026.91 5
027.10 25
027.11 20
027.12 15
027.13 15
027.14 15
027.15 15
027.16 15
027.17 15
027.18 15
027.19 15
027.20 25
027.21 20
027.22 15
027.23 15
027.24 15
027.25 15
027.26 15
027.27 15
027.28 15
027.29 15
027.30 25
027.31 20
027.32 15
027.33 15
027.34 15
027.35 8
027.36 1
027.40 10
027.41 5
027.50 10
027.51 5
027.60 10
027.61 5
027.70 10
027.71 5
027.80 10
027.81 5
027.90 10
027.91 5
028.10 25
028.11 20
028.12 15
028.13 15
028.14 15
028.15 15
028.16 15
028.17 15
028.18 15
028.19 15
028.20 25
028.21 20
028.22 15
028.23 15
028.24 15
028.25 15
028.26 15
028.27 15
028.28 15
028.29 15
028.30 25
028.31 20
028.32 15
028.33 15
028.34 15
028.35 9
028.36 1
028.40 10
028.41 5
028.50 10
028.51 5
028.60 10
028.61 5
028.70 10
028.71 5
028.80 10
028.81 5
028.90 10
028.91 5
029.10 25
029.11 20
029.12 15
029.13 15
029.14 15
029.15 15
029.16 15
029.17 15
029.18 15
029.19 15
029.20 25
029.21 20
029.22 15
029.23 15
029.24 15
029.25 15
029.26 15
029.27 15
029.28 15
029.29 15
029.30 25
029.31 20
029.32 15
029.33 15
029.34 12
029.35 9
029.40 10
029.41 5
029.50 10
029.51 5
029.60 10
029.61 5
029.70 10
029.71 5
029.80 10
029.81 5
029.90 10
029.91 5
030.10 25
030.11 20
030.12 15
030.13 15
030.14 15
030.15 14
030.16 15
030.17 15
030.18 15
030.19 15
030.20 25
030.21 19
030.22 15
030.23 15
030.24 15
030.25 15
030.26 15
030.27 15
030.28 15
030.29 15
030.30 25
030.31 20
030.32 15
030.33 15
030.34 14
030.35 6
030.40 10
030.41 5
030.50 10
030.51 5
030.60 10
030.61 5
030.70 10
030.71 5
030.80 10
030.81 5
030.90 10
030.91 5
032.10 25
032.11 20
032.12 15
032.13 15
032.14 15
032.15 15
032.16 15
032.17 15
032.18 15
032.19 15
032.20 25
032.21 20
032.22 15
032.23 15
032.24 15
032.25 15
032.26 15
032.27 15
032.28 15
032.29 15
032.30 25
032.31 20
032.32 15
032.33 15
032.34 15
032.35 7
032.36 1
032.40 10
032.41 5
032.50 10
032.51 5
032.60 10
032.61 5
032.70 10
032.71 5
032.80 10
032.81 5
032.90 10
032.91 5
033.10 25
033.11 20
033.12 15
033.13 15
033.14 15
033.15 15
033.16 15
033.17 15
033.18 15
033.19 15
033.20 25
033.21 20
033.22 15
033.23 15
033.24 15
033.25 15
033.26 15
033.27 15
033.28 15
033.29 15
033.30 25
033.31 20
033.32 15
033.33 15
033.34 15
033.35 12
033.36 3
033.40 10
033.41 5
033.50 10
033.51 5
033.60 10
033.61 5
033.70 10
033.71 5
033.80 10
033.81 5
033.90 10
033.91 5
034.10 25
034.11 20
034.12 15
034.13 15
034.14 15
034.15 15
034.16 15
034.17 15
034.18 15
034.19 15
034.20 25
034.21 20
034.22 15
034.23 15
034.24 15
034.25 15
034.26 15
034.27 15
034.28 15
034.29 15
034.30 25
034.31 20
034.32 15
034.33 15
034.34 14
034.35 13
034.36 1
034.40 10
034.41 5
034.50 10
034.51 5
034.60 10
034.61 5
034.70 10
034.71 5
034.80 10
034.81 5
034.90 10
034.91 5
035.10 25
035.11 20
035.12 15
035.13 15
035.14 15
035.15 15
035.16 15
035.17 15
035.18 15
035.19 15
035.20 25
035.21 20
035.22 15
035.23 15
035.24 15
035.25 15
035.26 15
035.27 15
035.28 15
035.29 15
035.30 25
035.31 20
035.32 15
035.33 15
035.34 15
035.35 11
035.36 1
035.40 10
035.41 5
035.50 10
035.51 5
035.60 10
035.61 5
035.70 10
035.71 5
035.80 10
035.81 5
035.90 10
035.91 5
036.10 25
036.11 20
036.12 15
036.13 15
036.14 15
036.15 15
036.16 15
036.17 15
036.18 15
036.19 15
036.20 25
036.21 20
036.22 15
036.23 15
036.24 15
036.25 15
036.26 15
036.27 15
036.28 15
036.29 15
036.30 25
036.31 20
036.32 15
036.33 15
036.34 15
036.35 10
036.36 3
036.40 10
036.41 5
036.50 10
036.51 5
036.60 10
036.61 5
036.70 10
036.71 5
036.80 10
036.81 5
036.90 10
036.91 5
037.10 25
037.11 20
037.12 15
037.13 15
037.14 15
037.15 15
037.16 15
037.17 15
037.18 15
037.19 15
037.20 25
037.21 20
037.22 15
037.23 15
037.24 15
037.25 15
037.26 15
037.27 15
037.28 15
037.29 15
037.30 25
037.31 20
037.32 15
037.33 15
037.34 14
037.35 9
037.40 10
037.41 5
037.50 10
037.51 5
037.60 10
037.61 5
037.70 10
037.71 5
037.80 10
037.81 5
037.90 10
037.91 5
038.10 24
038.11 20
038.12 15
038.13 15
038.14 15
038.15 15
038.16 15
038.17 15
038.18 15
038.19 15
038.20 25
038.21 20
038.22 15
038.23 15
038.24 15
038.25 15
038.26 15
038.27 15
038.28 15
038.29 15
038.30 25
038.31 20
038.32 15
038.33 15
038.34 15
038.35 11
038.36 4
038.40 10
038.41 5
038.50 10
038.51 5
038.60 10
038.61 5
038.70 10
038.71 5
038.80 10
038.81 5
038.90 10
038.91 5
039.10 25
039.11 20
039.12 15
039.13 15
039.14 15
039.15 15
039.16 15
039.17 15
039.18 15
039.19 15
039.20 25
039.21 20
039.22 15
039.23 15
039.24 15
039.25 15
039.26 15
039.27 15
039.28 15
039.29 15
039.30 25
039.31 20
039.32 15
039.33 15
039.34 14
039.35 11
039.36 1
039.40 10
039.41 5
039.50 10
039.51 5
039.60 10
039.61 5
039.70 10
039.71 5
039.80 10
039.81 5
039.90 10
039.91 5
