019.10 25
019.11 20
019.12 15
019.13 15
019.14 15
019.15 15
019.16 15
019.17 15
019.18 15
019.19 15
019.20 25
019.21 20
019.22 15
019.23 15
019.24 15
019.25 15
019.26 15
019.27 15
019.28 15
019.29 15
019.30 25
019.31 20
019.32 15
019.33 15
019.34 15
019.35 15
019.36 15
019.37 15
019.38 15
019.39 15
019.40 25
019.41 20
019.42 15
019.43 15
019.44 15
019.45 15
019.46 15
019.47 15
019.48 15
019.49 15
019.50 25
019.51 20
019.52 15
019.53 15
019.54 15
019.55 15
019.56 15
019.57 15
019.58 15
019.59 15
019.60 25
019.61 20
019.62 15
019.63 15
019.64 15
019.65 15
019.66 15
019.67 15
019.68 15
019.69 15
019.70 25
019.71 20
019.72 14
019.73 10
019.74 6
019.80 10
019.81 5
019.90 10
019.91 5
020.10 25
020.11 20
020.12 15
020.13 15
020.14 15
020.15 15
020.16 15
020.17 15
020.18 15
020.19 15
020.20 25
020.21 20
020.22 15
020.23 15
020.24 15
020.25 15
020.26 15
020.27 15
020.28 15
020.29 15
020.30 25
020.31 20
020.32 15
020.33 15
020.34 15
020.35 15
020.36 15
020.37 15
020.38 15
020.39 15
020.40 25
020.41 20
020.42 15
020.43 15
020.44 15
020.45 15
020.46 15
020.47 15
020.48 15
020.49 15
020.50 25
020.51 20
020.52 15
020.53 15
020.54 15
020.55 15
020.56 15
020.57 15
020.58 15
020.59 15
020.60 25
020.61 20
020.62 15
020.63 15
020.64 15
020.65 15
020.66 15
020.67 15
020.68 15
020.69 15
020.70 25
020.71 20
020.72 12
020.73 6
020.74 4
020.75 1
020.80 10
020.81 5
020.90 10
020.91 5
021.10 25
021.11 20
021.12 15
021.13 15
021.14 15
021.15 15
021.16 15
021.17 15
021.18 15
021.19 15
021.20 25
021.21 20
021.22 15
021.23 15
021.24 15
021.25 15
021.26 15
021.27 15
021.28 15
021.29 15
021.30 25
021.31 20
021.32 15
021.33 15
021.34 15
021.35 15
021.36 15
021.37 15
021.38 15
021.39 15
021.40 25
021.41 20
021.42 15
021.43 15
021.44 15
021.45 15
021.46 15
021.47 15
021.48 15
021.49 15
021.50 25
021.51 20
021.52 15
021.53 15
021.54 15
021.55 15
021.56 15
021.57 15
021.58 15
021.59 15
021.60 25
021.61 20
021.62 15
021.63 15
021.64 15
021.65 15
021.66 15
021.67 15
021.68 15
021.69 15
021.70 25
021.71 19
021.72 14
021.73 13
021.74 5
021.75 1
021.80 10
021.81 5
021.90 10
021.91 5
022.10 25
022.11 20
022.12 15
022.13 15
022.14 15
022.15 15
022.16 15
022.17 15
022.18 15
022.19 15
022.20 25
022.21 20
022.22 15
022.23 15
022.24 15
022.25 15
022.26 15
022.27 15
022.28 15
022.29 15
022.30 25
022.31 20
022.32 15
022.33 15
022.34 15
022.35 15
022.36 15
022.37 15
022.38 15
022.39 15
022.40 25
022.41 20
022.42 14
022.43 15
022.44 15
022.45 15
022.46 15
022.47 15
022.48 15
022.49 15
022.50 25
022.51 20
022.52 15
022.53 15
022.54 15
022.55 15
022.56 15
022.57 15
022.58 15
022.59 15
022.60 25
022.61 20
022.62 15
022.63 15
022.64 15
022.65 15
022.66 15
022.67 15
022.68 15
022.69 15
022.70 25
022.71 20
022.72 13
022.73 10
022.74 5
022.80 9
022.81 5
022.90 10
022.91 5
023.10 25
023.11 20
023.12 15
023.13 15
023.14 15
023.15 15
023.16 15
023.17 15
023.18 15
023.19 15
023.20 25
023.21 20
023.22 15
023.23 15
023.24 15
023.25 15
023.26 15
023.27 15
023.28 15
023.29 15
023.30 25
023.31 20
023.32 15
023.33 15
023.34 15
023.35 15
023.36 15
023.37 15
023.38 14
023.39 15
023.40 25
023.41 20
023.42 15
023.43 15
023.44 15
023.45 15
023.46 15
023.47 15
023.48 15
023.49 15
023.50 25
023.51 20
023.52 15
023.53 15
023.54 15
023.55 15
023.56 15
023.57 15
023.58 15
023.59 15
023.60 25
023.61 20
023.62 15
023.63 15
023.64 15
023.65 15
023.66 15
023.67 15
023.68 15
023.69 15
023.70 25
023.71 20
023.72 15
023.73 10
023.74 4
023.80 10
023.81 5
023.90 10
023.91 5
024.10 25
024.11 20
024.12 15
024.13 15
024.14 15
024.15 15
024.16 15
024.17 15
024.18 15
024.19 15
024.20 25
024.21 20
024.22 15
024.23 15
024.24 15
024.25 15
024.26 15
024.27 15
024.28 15
024.29 15
024.30 25
024.31 20
024.32 15
024.33 15
024.34 15
024.35 15
024.36 15
024.37 15
024.38 15
024.39 15
024.40 25
024.41 20
024.42 15
024.43 15
024.44 15
024.45 15
024.46 15
024.47 15
024.48 15
024.49 15
024.50 25
024.51 20
024.52 15
024.53 15
024.54 15
024.55 15
024.56 15
024.57 15
024.58 15
024.59 15
024.60 25
024.61 20
024.62 15
024.63 15
024.64 15
024.65 15
024.66 15
024.67 15
024.68 15
024.69 15
024.70 25
024.71 20
024.72 13
024.73 11
024.74 4
024.80 10
024.81 5
024.90 10
024.91 5
025.10 25
025.11 20
025.12 15
025.13 15
025.14 15
025.15 15
025.16 15
025.17 15
025.18 15
025.19 15
025.20 25
025.21 20
025.22 15
025.23 15
025.24 15
025.25 15
025.26 15
025.27 15
025.28 15
025.29 15
025.30 25
025.31 20
025.32 15
025.33 15
025.34 15
025.35 15
025.36 15
025.37 15
025.38 15
025.39 15
025.40 25
025.41 20
025.42 15
025.43 15
025.44 15
025.45 15
025.46 15
025.47 15
025.48 15
025.49 15
025.50 25
025.51 20
025.52 15
025.53 15
025.54 15
025.55 15
025.56 15
025.57 15
025.58 15
025.59 15
025.60 25
025.61 20
025.62 15
025.63 15
025.64 15
025.65 15
025.66 15
025.67 15
025.68 15
025.69 15
025.70 25
025.71 20
025.72 15
025.73 9
025.74 3
025.75 1
025.80 10
025.81 5
025.90 10
025.91 5
026.10 25
026.11 20
026.12 15
026.13 15
026.14 15
026.15 15
026.16 15
026.17 15
026.18 15
026.19 15
026.20 25
026.21 20
026.22 15
026.23 15
026.24 15
026.25 15
026.26 15
026.27 15
026.28 15
026.29 15
026.30 25
026.31 20
026.32 15
026.33 15
026.34 15
026.35 15
026.36 15
026.37 15
026.38 15
026.39 15
026.40 25
026.41 20
026.42 15
026.43 15
026.44 15
026.45 15
026.46 15
026.47 15
026.48 15
026.49 15
026.50 25
026.51 20
026.52 15
026.53 15
026.54 15
026.55 15
026.56 15
026.57 15
026.58 15
026.59 15
026.60 25
026.61 20
026.62 15
026.63 15
026.64 15
026.65 15
026.66 15
026.67 15
026.68 15
026.69 15
026.70 25
026.71 20
026.72 12
026.73 8
026.74 5
026.80 10
026.81 5
026.90 10
026.91 5
027.10 25
027.11 20
027.12 15
027.13 15
027.14 15
027.15 15
027.16 15
027.17 15
027.18 15
027.19 15
027.20 25
027.21 20
027.22 15
027.23 15
027.24 15
027.25 15
027.26 15
027.27 15
027.28 15
027.29 15
027.30 25
027.31 20
027.32 15
027.33 15
027.34 15
027.35 15
027.36 15
027.37 15
027.38 15
027.39 15
027.40 25
027.41 20
027.42 15
027.43 14
027.44 15
027.45 15
027.46 15
027.47 15
027.48 15
027.49 15
027.50 25
027.51 20
027.52 15
027.53 15
027.54 15
027.55 15
027.56 15
027.57 15
027.58 15
027.59 15
027.60 25
027.61 20
027.62 15
027.63 15
027.64 15
027.65 15
027.66 15
027.67 15
027.68 15
027.69 15
027.70 25
027.71 20
027.72 13
027.73 10
027.74 3
027.80 10
027.81 5
027.90 10
027.91 5
028.10 25
028.11 20
028.12 15
028.13 15
028.14 15
028.15 15
028.16 15
028.17 15
028.18 15
028.19 15
028.20 25
028.21 20
028.22 15
028.23 15
028.24 15
028.25 15
028.26 15
028.27 15
028.28 15
028.29 15
028.30 25
028.31 20
028.32 15
028.33 15
028.34 15
028.35 15
028.36 15
028.37 15
028.38 15
028.39 15
028.40 25
028.41 20
028.42 15
028.43 15
028.44 15
028.45 15
028.46 15
028.47 15
028.48 15
028.49 15
028.50 25
028.51 20
028.52 15
028.53 15
028.54 15
028.55 15
028.56 15
028.57 15
028.58 15
028.59 15
028.60 25
028.61 20
028.62 15
028.63 15
028.64 15
028.65 15
028.66 15
028.67 15
028.68 15
028.69 15
028.70 25
028.71 20
028.72 15
028.73 8
028.74 1
028.80 10
028.81 5
028.90 10
028.91 5
029.10 25
029.11 20
029.12 15
029.13 15
029.14 15
029.15 15
029.16 15
029.17 15
029.18 15
029.19 15
029.20 25
029.21 20
029.22 15
029.23 15
029.24 15
029.25 15
029.26 15
029.27 15
029.28 15
029.29 15
029.30 25
029.31 20
029.32 15
029.33 15
029.34 15
029.35 15
029.36 15
029.37 15
029.38 15
029.39 15
029.40 25
029.41 20
029.42 15
029.43 15
029.44 15
029.45 15
029.46 15
029.47 15
029.48 15
029.49 15
029.50 25
029.51 20
029.52 15
029.53 15
029.54 15
029.55 15
029.56 15
029.57 15
029.58 15
029.59 15
029.60 25
029.61 20
029.62 15
029.63 15
029.64 15
029.65 15
029.66 15
029.67 15
029.68 15
029.69 15
029.70 25
029.71 20
029.72 13
029.73 9
029.74 5
029.80 10
029.81 5
029.90 10
029.91 5
030.10 25
030.11 20
030.12 15
030.13 15
030.14 15
030.15 15
030.16 15
030.17 15
030.18 15
030.19 15
030.20 25
030.21 20
030.22 15
030.23 15
030.24 15
030.25 15
030.26 15
030.27 15
030.28 15
030.29 15
030.30 25
030.31 20
030.32 15
030.33 15
030.34 15
030.35 15
030.36 15
030.37 15
030.38 15
030.39 15
030.40 25
030.41 20
030.42 15
030.43 15
030.44 15
030.45 15
030.46 15
030.47 15
030.48 15
030.49 15
030.50 25
030.51 20
030.52 15
030.53 15
030.54 15
030.55 15
030.56 15
030.57 15
030.58 15
030.59 15
030.60 25
030.61 20
030.62 15
030.63 15
030.64 15
030.65 15
030.66 15
030.67 15
030.68 15
030.69 15
030.70 25
030.71 20
030.72 11
030.73 7
030.74 3
030.75 1
030.80 10
030.81 5
030.90 10
030.91 5
032.10 25
032.11 20
032.12 15
032.13 15
032.14 15
032.15 15
032.16 15
032.17 15
032.18 15
032.19 15
032.20 25
032.21 20
032.22 15
032.23 15
032.24 15
032.25 15
032.26 15
032.27 15
032.28 15
032.29 15
032.30 25
032.31 20
032.32 15
032.33 15
032.34 15
032.35 15
032.36 15
032.37 15
032.38 15
032.39 15
032.40 25
032.41 20
032.42 15
032.43 15
032.44 15
032.45 15
032.46 15
032.47 15
032.48 15
032.49 15
032.50 25
032.51 20
032.52 15
032.53 15
032.54 15
032.55 15
032.56 15
032.57 15
032.58 15
032.59 15
032.60 25
032.61 20
032.62 15
032.63 15
032.64 15
032.65 15
032.66 15
032.67 15
032.68 15
032.69 15
032.70 25
032.71 19
032.72 13
032.73 7
032.74 4
032.75 1
032.80 10
032.81 5
032.90 10
032.91 5
033.10 25
033.11 20
033.12 15
033.13 15
033.14 15
033.15 15
033.16 15
033.17 15
033.18 15
033.19 15
033.20 25
033.21 20
033.22 15
033.23 15
033.24 15
033.25 15
033.26 15
033.27 15
033.28 15
033.29 15
033.30 25
033.31 20
033.32 15
033.33 15
033.34 15
033.35 15
033.36 15
033.37 15
033.38 15
033.39 15
033.40 25
033.41 20
033.42 15
033.43 15
033.44 15
033.45 15
033.46 15
033.47 15
033.48 15
033.49 15
033.50 25
033.51 20
033.52 15
033.53 15
033.54 15
033.55 15
033.56 15
033.57 15
033.58 15
033.59 15
033.60 25
033.61 20
033.62 15
033.63 15
033.64 15
033.65 15
033.66 15
033.67 15
033.68 15
033.69 15
033.70 25
033.71 20
033.72 14
033.73 8
033.74 4
033.80 10
033.81 5
033.90 10
033.91 5
034.10 25
034.11 20
034.12 15
034.13 15
034.14 15
034.15 15
034.16 15
034.17 15
034.18 15
034.19 15
034.20 25
034.21 20
034.22 15
034.23 15
034.24 15
034.25 15
034.26 15
034.27 15
034.28 15
034.29 15
034.30 25
034.31 20
034.32 15
034.33 15
034.34 15
034.35 15
034.36 15
034.37 15
034.38 15
034.39 15
034.40 25
034.41 20
034.42 15
034.43 15
034.44 15
034.45 15
034.46 15
034.47 15
034.48 15
034.49 15
034.50 25
034.51 20
034.52 15
034.53 15
034.54 15
034.55 15
034.56 15
034.57 15
034.58 15
034.59 15
034.60 25
034.61 20
034.62 15
034.63 15
034.64 15
034.65 15
034.66 15
034.67 15
034.68 15
034.69 15
034.70 25
034.71 20
034.72 14
034.73 12
034.74 5
034.80 10
034.81 5
034.90 10
034.91 5
035.10 25
035.11 20
035.12 15
035.13 15
035.14 15
035.15 15
035.16 15
035.17 15
035.18 15
035.19 15
035.20 25
035.21 20
035.22 15
035.23 15
035.24 15
035.25 15
035.26 15
035.27 15
035.28 15
035.29 15
035.30 25
035.31 20
035.32 15
035.33 15
035.34 15
035.35 15
035.36 15
035.37 15
035.38 15
035.39 15
035.40 25
035.41 20
035.42 15
035.43 15
035.44 15
035.45 15
035.46 15
035.47 15
035.48 15
035.49 15
035.50 25
035.51 20
035.52 15
035.53 15
035.54 15
035.55 15
035.56 15
035.57 15
035.58 15
035.59 15
035.60 25
035.61 20
035.62 15
035.63 15
035.64 15
035.65 15
035.66 15
035.67 15
035.68 15
035.69 15
035.70 25
035.71 20
035.72 13
035.73 10
035.74 6
035.75 1
035.80 10
035.81 5
035.90 10
035.91 5
036.10 25
036.11 20
036.12 15
036.13 15
036.14 15
036.15 15
036.16 15
036.17 15
036.18 15
036.19 15
036.20 25
036.21 20
036.22 15
036.23 15
036.24 15
036.25 15
036.26 15
036.27 15
036.28 15
036.29 15
036.30 25
036.31 20
036.32 15
036.33 15
036.34 15
036.35 15
036.36 15
036.37 15
036.38 15
036.39 15
036.40 25
036.41 20
036.42 15
036.43 15
036.44 15
036.45 15
036.46 15
036.47 15
036.48 15
036.49 15
036.50 25
036.51 20
036.52 15
036.53 15
036.54 15
036.55 15
036.56 15
036.57 15
036.58 15
036.59 15
036.60 25
036.61 20
036.62 15
036.63 15
036.64 15
036.65 15
036.66 15
036.67 15
036.68 15
036.69 15
036.70 25
036.71 20
036.72 15
036.73 12
036.74 5
036.75 1
036.80 10
036.81 5
036.90 10
036.91 5
037.10 25
037.11 20
037.12 15
037.13 15
037.14 15
037.15 15
037.16 15
037.17 15
037.18 15
037.19 15
037.20 25
037.21 20
037.22 15
037.23 15
037.24 15
037.25 15
037.26 15
037.27 15
037.28 15
037.29 15
037.30 25
037.31 20
037.32 15
037.33 15
037.34 15
037.35 15
037.36 15
037.37 15
037.38 15
037.39 15
037.40 25
037.41 20
037.42 15
037.43 15
037.44 15
037.45 15
037.46 15
037.47 15
037.48 15
037.49 15
037.50 25
037.51 20
037.52 15
037.53 15
037.54 15
037.55 15
037.56 15
037.57 15
037.58 15
037.59 15
037.60 25
037.61 20
037.62 15
037.63 15
037.64 15
037.65 15
037.66 15
037.67 15
037.68 15
037.69 15
037.70 25
037.71 20
037.72 14
037.73 13
037.74 2
037.80 10
037.81 5
037.90 10
037.91 5
038.10 25
038.11 20
038.12 15
038.13 15
038.14 15
038.15 15
038.16 15
038.17 15
038.18 15
038.19 15
038.20 25
038.21 20
038.22 15
038.23 15
038.24 15
038.25 15
038.26 15
038.27 15
038.28 15
038.29 15
038.30 25
038.31 20
038.32 15
038.33 15
038.34 15
038.35 15
038.36 15
038.37 15
038.38 15
038.39 15
038.40 25
038.41 20
038.42 15
038.43 15
038.44 15
038.45 15
038.46 15
038.47 15
038.48 15
038.49 15
038.50 25
038.51 20
038.52 15
038.53 15
038.54 15
038.55 15
038.56 15
038.57 15
038.58 15
038.59 15
038.60 25
038.61 20
038.62 15
038.63 15
038.64 15
038.65 15
038.66 15
038.67 15
038.68 15
038.69 15
038.70 25
038.71 20
038.72 14
038.73 8
038.74 5
038.75 1
038.80 10
038.81 5
038.90 10
038.91 5
039.10 25
039.11 20
039.12 15
039.13 15
039.14 15
039.15 15
039.16 15
039.17 15
039.18 15
039.19 15
039.20 25
039.21 20
039.22 15
039.23 15
039.24 15
039.25 15
039.26 15
039.27 15
039.28 15
039.29 15
039.30 25
039.31 20
039.32 15
039.33 15
039.34 15
039.35 15
039.36 15
039.37 15
039.38 15
039.39 15
039.40 25
039.41 20
039.42 15
039.43 15
039.44 15
039.45 15
039.46 15
039.47 15
039.48 15
039.49 15
039.50 25
039.51 20
039.52 15
039.53 15
039.54 15
039.55 15
039.56 15
039.57 15
039.58 15
039.59 15
039.60 25
039.61 20
039.62 15
039.63 15
039.64 15
039.65 15
039.66 15
039.67 15
039.68 15
039.69 15
039.70 25
039.71 19
039.72 12
039.73 9
039.74 3
039.80 10
039.81 5
039.90 10
039.91 5
